time_elapsed,time_crosstest,snapshots,states,inferred_snapshots,total_savings,total_misses,total_hits,eg_savings,eg_misses,eg_hits,dt_savings,dt_misses,dt_hits,dtex_savings,dtex_misses,dtex_hits,snapshot_cov,total_cov
17.964399,12.948156,214,0,0,,,,,,,,,,,,,1012,268
46.054755,41.035286,213,3,20,0.0,,,,,,,,,,,,1010,268
60.083218,55.061233,213,6,32,0.0,,,,,,,,,,,,1010,268
86.445809,81.423712,207,6,32,0.0,,,,,,,,,,,,983,268
120.104396,115.079273,205,11,51,0.0,,,,,,,,,,,,980,268
175.543121,170.517895,204,11,51,0.0,,,,,,,,,,,,979,268
180.119557,175.090495,204,19,65,0.0,,,,,,,,,,,,979,268
240.135177,235.106114,203,19,65,0.0,,,,,,,,,,,,977,268
285.94659,280.917424,201,19,65,0.0,,,,,,,,,,,,971,268
300.156015,295.122362,201,24,82,0.0,,,,,,,,,,,,971,268
360.184448,355.150795,198,24,82,0.0,,,,,,,,,,,,956,268
373.731632,368.697887,196,24,82,0.0,,,,,,,,,,,,948,268
420.20349,415.163592,196,38,99,0.0,,,,,,,,,,,,948,268
480.2179,475.178003,192,38,99,0.0,,,,,,,,,,,,933,268
506.522733,501.482734,191,38,99,0.0,,,,,,,,,,,,931,268
540.238103,535.191114,191,43,114,0.0,,,,,,,,,,,,931,268
600.25877,595.211781,190,43,114,0.0,,,,,,,,,,,,926,268
660.276731,655.22974,189,43,114,0.0,,,,,,,,,,,,925,268
720.296854,715.249866,188,43,114,0.0,,,,,,,,,,,,913,268
724.275759,719.228672,187,43,114,0.0,,,,,,,,,,,,907,268
780.317042,775.261641,187,49,129,0.0,,,,,,,,,,,,907,268
840.33891,835.283509,183,49,129,0.0,,,,,,,,,,,,896,268
872.993428,867.937928,180,49,129,0.0,,,,,,,,,,,,888,268
900.356431,895.290772,180,58,145,0.0,,,,,,,,,,,,888,268
960.376992,955.311334,180,58,145,0.0,,,,,,,,,,,,888,268
1020.399697,1015.334038,177,58,145,0.0,,,,,,,,,,,,880,268
1080.414621,1075.348962,176,58,145,0.0,,,,,,,,,,,,878,268
1124.988708,1119.922933,176,58,145,0.0,,,,,,,,,,,,878,268
1140.43441,1135.357095,176,69,158,0.0,,,,,,,,,,,,878,268
1200.458504,1195.38119,176,69,158,0.0,,,,,,,,,,,,878,268
1260.474908,1255.397593,174,69,158,0.0,,,,,,,,,,,,870,268
1320.495403,1315.418087,173,69,158,0.0,,,,,,,,,,,,866,268
1380.515381,1375.438065,172,69,158,0.0,,,,,,,,,,,,865,268
1383.252085,1378.174665,172,69,158,0.0,,,,,,,,,,,,865,268
1440.534853,1405.308124,190,72,174,0.0,,,,,,,,,,,,1065,274
1500.555312,1465.328567,190,72,174,0.0,,,,,,,,,,,,1065,274
1560.579383,1525.352638,190,72,174,0.0,,,,,,,,,,,,1065,274
1620.590867,1585.36412,190,72,174,0.0,,,,,,,,,,,,1065,274
1623.491799,1588.264951,190,72,174,0.0,,,,,,,,,,,,1065,274
1680.600021,1588.264951,199,77,190,0.0,,,,,,,,,,,,1082,276
1740.631231,1588.264951,202,77,190,0.0,,,,,,,,,,,,1087,281
1800.652501,1588.264951,204,77,190,0.0,,,,,,,,,,,,1089,282
1860.660527,1588.264951,206,77,190,0.0,,,,,,,,,,,,1091,282
1920.676618,1592.733456,210,77,190,0.0,,,,,,,,,,,,1102,282
1980.696559,1652.753396,210,77,190,0.0,,,,,,,,,,,,1102,282
2040.716785,1712.773621,210,77,190,0.0,,,,,,,,,,,,1102,282
2100.733081,1772.789917,210,77,190,0.0,,,,,,,,,,,,1102,282
2132.544725,1804.601462,209,77,190,0.0,,,,,,,,,,,,1100,282
2160.752023,1804.601462,217,87,210,0.0,,,,,,,,,,,,1122,282
2220.777513,1804.601462,219,87,210,0.0,,,,,,,,,,,,1124,282
2280.79949,1804.601462,219,87,210,0.0,,,,,,,,,,,,1124,282
2340.820606,1804.601462,219,87,210,0.0,,,,,,,,,,,,1124,282
2400.851217,1804.601462,219,87,210,0.0,,,,,,,,,,,,1124,282
2460.877191,1804.601462,219,87,210,0.0,,,,,,,,,,,,1124,282
2520.892591,1804.601462,219,87,210,0.0,,,,,,,,,,,,1124,282
2580.928389,1804.601462,219,87,210,0.0,,,,,,,,,,,,1124,282
2640.952609,1804.601462,219,87,210,0.0,,,,,,,,,,,,1124,282
2700.972435,1804.601462,219,87,210,0.0,,,,,,,,,,,,1124,282
2761.000069,1804.601462,219,87,210,0.0,,,,,,,,,,,,1124,282
2821.024388,1804.601462,219,87,210,0.0,,,,,,,,,,,,1124,282
2881.056487,1804.601462,219,87,210,0.0,,,,,,,,,,,,1124,282
2941.081421,1804.601462,219,87,210,0.0,,,,,,,,,,,,1124,282
3001.101412,1804.601462,219,87,210,0.0,,,,,,,,,,,,1124,282
3061.125696,1804.601462,219,87,210,0.0,,,,,,,,,,,,1124,282
3121.144295,1804.601462,222,87,210,0.0,,,,,,,,,,,,1135,282
3181.156735,1804.601462,222,87,210,0.0,,,,,,,,,,,,1135,282
3241.183742,1804.601462,222,87,210,0.0,,,,,,,,,,,,1135,282
3301.201419,1804.601462,222,87,210,0.0,,,,,,,,,,,,1135,282
3361.226288,1804.601462,222,87,210,0.0,,,,,,,,,,,,1135,282
3421.247604,1804.601462,223,87,210,0.0,,,,,,,,,,,,1137,282
3481.269128,1804.601462,223,87,210,0.0,,,,,,,,,,,,1137,282
3541.287287,1804.601462,223,87,210,0.0,,,,,,,,,,,,1137,282
3601.30463,1804.601462,223,87,210,0.0,,,,,,,,,,,,1137,282
3661.321004,1804.601462,223,87,210,0.0,,,,,,,,,,,,1137,282
3721.338289,1804.601462,223,87,210,0.0,,,,,,,,,,,,1137,282
3781.369765,1804.601462,223,87,210,0.0,,,,,,,,,,,,1137,282
3841.394809,1804.601462,223,87,210,0.0,,,,,,,,,,,,1137,282
3901.418117,1804.601462,223,87,210,0.0,,,,,,,,,,,,1137,282
3961.437456,1804.601462,223,87,210,0.0,,,,,,,,,,,,1137,282
4021.458758,1804.601462,223,87,210,0.0,,,,,,,,,,,,1137,282
4081.488028,1804.601462,223,87,210,0.0,,,,,,,,,,,,1137,282
4141.511705,1804.601462,223,87,210,0.0,,,,,,,,,,,,1137,282
4201.531838,1804.601462,223,87,210,0.0,,,,,,,,,,,,1137,282
4261.559503,1804.601462,223,87,210,0.0,,,,,,,,,,,,1137,282
4321.578956,1804.601462,223,87,210,0.0,,,,,,,,,,,,1137,282
4381.605585,1804.601462,223,87,210,0.0,,,,,,,,,,,,1137,282
4441.638695,1804.601462,223,87,210,0.0,,,,,,,,,,,,1137,282
4501.659323,1804.601462,223,87,210,0.0,,,,,,,,,,,,1137,282
4561.679693,1804.601462,223,87,210,0.0,,,,,,,,,,,,1137,282
4621.703872,1804.601462,223,87,210,0.0,,,,,,,,,,,,1137,282
4681.728783,1804.601462,223,87,210,0.0,,,,,,,,,,,,1137,282
4741.752823,1804.601462,223,87,210,0.0,,,,,,,,,,,,1137,282
4801.78731,1804.601462,223,87,210,0.0,,,,,,,,,,,,1137,282
4861.812584,1804.601462,223,87,210,0.0,,,,,,,,,,,,1137,282
4921.83566,1804.601462,223,87,210,0.0,,,,,,,,,,,,1137,282
4981.855718,1804.601462,223,87,210,0.0,,,,,,,,,,,,1137,282
5041.875593,1804.601462,223,87,210,0.0,,,,,,,,,,,,1137,282
5101.897379,1804.601462,223,87,210,0.0,,,,,,,,,,,,1137,282
5161.91552,1804.601462,223,87,210,0.0,,,,,,,,,,,,1137,282
5221.926524,1804.601462,223,87,210,0.0,,,,,,,,,,,,1137,282
5281.935605,1804.601462,223,87,210,0.0,,,,,,,,,,,,1137,282
5341.949208,1804.601462,223,87,210,0.0,,,,,,,,,,,,1137,282
5401.967122,1804.601462,223,87,210,0.0,,,,,,,,,,,,1137,282
5461.99436,1804.601462,223,87,210,0.0,,,,,,,,,,,,1137,282
5522.029631,1804.601462,223,87,210,0.0,,,,,,,,,,,,1137,282
5582.050787,1804.601462,223,87,210,0.0,,,,,,,,,,,,1137,282
5642.077714,1804.601462,223,87,210,0.0,,,,,,,,,,,,1137,282
5702.098736,1804.601462,223,87,210,0.0,,,,,,,,,,,,1137,282
5762.122687,1804.601462,223,87,210,0.0,,,,,,,,,,,,1137,282
5822.150543,1804.601462,223,87,210,0.0,,,,,,,,,,,,1137,282
5882.180995,1804.601462,223,87,210,0.0,,,,,,,,,,,,1137,282
5942.205011,1804.601462,223,87,210,0.0,,,,,,,,,,,,1137,282
6002.227384,1804.601462,223,87,210,0.0,,,,,,,,,,,,1137,282
6062.24986,1804.601462,223,87,210,0.0,,,,,,,,,,,,1137,282
6122.280392,1804.601462,223,87,210,0.0,,,,,,,,,,,,1137,282
6182.298359,1804.601462,223,87,210,0.0,,,,,,,,,,,,1137,282
6242.330034,1804.601462,223,87,210,0.0,,,,,,,,,,,,1137,282
6302.346173,1804.601462,223,87,210,0.0,,,,,,,,,,,,1137,282
6362.363951,1804.601462,223,87,210,0.0,,,,,,,,,,,,1137,282
6422.382548,1804.601462,223,87,210,0.0,,,,,,,,,,,,1137,282
6482.406353,1804.601462,223,87,210,0.0,,,,,,,,,,,,1137,282
6542.43052,1804.601462,223,87,210,0.0,,,,,,,,,,,,1137,282
6602.455042,1804.601462,223,87,210,0.0,,,,,,,,,,,,1137,282
6662.468847,1804.601462,223,87,210,0.0,,,,,,,,,,,,1137,282
6722.490491,1804.601462,223,87,210,0.0,,,,,,,,,,,,1137,282
6782.505276,1804.601462,223,87,210,0.0,,,,,,,,,,,,1137,282
6842.528295,1804.601462,223,87,210,0.0,,,,,,,,,,,,1137,282
6902.552568,1804.601462,223,87,210,0.0,,,,,,,,,,,,1137,282
6962.578715,1804.601462,223,87,210,0.0,,,,,,,,,,,,1137,282
7022.600703,1804.601462,223,87,210,0.0,,,,,,,,,,,,1137,282
7082.622232,1804.601462,223,87,210,0.0,,,,,,,,,,,,1137,282
7142.634004,1804.601462,223,87,210,0.0,,,,,,,,,,,,1137,282
7202.652888,1804.601462,223,87,210,0.0,,,,,,,,,,,,1137,282
7262.667229,1804.601462,223,87,210,0.0,,,,,,,,,,,,1137,282
7322.696641,1804.601462,223,87,210,0.0,,,,,,,,,,,,1137,282
7382.714715,1804.601462,223,87,210,0.0,,,,,,,,,,,,1137,282
7442.739496,1804.601462,223,87,210,0.0,,,,,,,,,,,,1137,282
7502.757048,1804.601462,223,87,210,0.0,,,,,,,,,,,,1137,282
7562.769185,1804.601462,223,87,210,0.0,,,,,,,,,,,,1137,282
7622.792543,1804.601462,223,87,210,0.0,,,,,,,,,,,,1137,282
7682.818098,1804.601462,223,87,210,0.0,,,,,,,,,,,,1137,282
7742.833409,1804.601462,223,87,210,0.0,,,,,,,,,,,,1137,282
7802.856682,1804.601462,223,87,210,0.0,,,,,,,,,,,,1137,282
7862.882029,1804.601462,223,87,210,0.0,,,,,,,,,,,,1137,282
7922.900765,1804.601462,223,87,210,0.0,,,,,,,,,,,,1137,282
7982.916955,1804.601462,223,87,210,0.0,,,,,,,,,,,,1137,282
8042.929654,1804.601462,223,87,210,0.0,,,,,,,,,,,,1137,282
8102.944614,1804.601462,223,87,210,0.0,,,,,,,,,,,,1137,282
8162.958305,1804.601462,223,87,210,0.0,,,,,,,,,,,,1137,282
8222.979286,1804.601462,223,87,210,0.0,,,,,,,,,,,,1137,282
8283.010356,1804.601462,223,87,210,0.0,,,,,,,,,,,,1137,282
8343.033693,1804.601462,223,87,210,0.0,,,,,,,,,,,,1137,282
8403.058431,1804.601462,223,87,210,0.0,,,,,,,,,,,,1137,282
8463.078077,1804.601462,223,87,210,0.0,,,,,,,,,,,,1137,282
8523.092698,1804.601462,223,87,210,0.0,,,,,,,,,,,,1137,282
8583.111162,1804.601462,223,87,210,0.0,,,,,,,,,,,,1137,282
8643.132518,1804.601462,223,87,210,0.0,,,,,,,,,,,,1137,282
8703.15032,1804.601462,223,87,210,0.0,,,,,,,,,,,,1137,282
8763.169201,1804.601462,223,87,210,0.0,,,,,,,,,,,,1137,282
8823.18951,1804.601462,223,87,210,0.0,,,,,,,,,,,,1137,282
8883.211585,1804.601462,223,87,210,0.0,,,,,,,,,,,,1137,282
8943.239118,1804.601462,223,87,210,0.0,,,,,,,,,,,,1137,282
9003.260991,1804.601462,223,87,210,0.0,,,,,,,,,,,,1137,282
9063.284998,1804.601462,223,87,210,0.0,,,,,,,,,,,,1137,282
9123.315134,1804.601462,223,87,210,0.0,,,,,,,,,,,,1137,282
9183.337341,1804.601462,223,87,210,0.0,,,,,,,,,,,,1137,282
9243.362793,1804.601462,223,87,210,0.0,,,,,,,,,,,,1137,282
9303.391315,1804.601462,223,87,210,0.0,,,,,,,,,,,,1137,282
9363.410627,1804.601462,223,87,210,0.0,,,,,,,,,,,,1137,282
9423.436854,1804.601462,223,87,210,0.0,,,,,,,,,,,,1137,282
9483.469882,1804.601462,223,87,210,0.0,,,,,,,,,,,,1137,282
9543.486073,1804.601462,223,87,210,0.0,,,,,,,,,,,,1137,282
9603.503157,1804.601462,223,87,210,0.0,,,,,,,,,,,,1137,282
9663.523256,1804.601462,223,87,210,0.0,,,,,,,,,,,,1137,282
9723.548335,1804.601462,223,87,210,0.0,,,,,,,,,,,,1137,282
9783.571985,1804.601462,223,87,210,0.0,,,,,,,,,,,,1137,282
9843.588442,1804.601462,223,87,210,0.0,,,,,,,,,,,,1137,282
9903.612074,1804.601462,223,87,210,0.0,,,,,,,,,,,,1137,282
9963.636432,1804.601462,223,87,210,0.0,,,,,,,,,,,,1137,282
10023.656662,1804.601462,223,87,210,0.0,,,,,,,,,,,,1137,282
10083.681839,1804.601462,223,87,210,0.0,,,,,,,,,,,,1137,282
10143.698193,1804.601462,223,87,210,0.0,,,,,,,,,,,,1137,282
10203.717815,1804.601462,223,87,210,0.0,,,,,,,,,,,,1137,282
10263.739699,1804.601462,223,87,210,0.0,,,,,,,,,,,,1137,282
10323.749176,1804.601462,223,87,210,0.0,,,,,,,,,,,,1137,282
10383.763482,1804.601462,223,87,210,0.0,,,,,,,,,,,,1137,282
10443.780157,1804.601462,223,87,210,0.0,,,,,,,,,,,,1137,282
10503.802725,1804.601462,223,87,210,0.0,,,,,,,,,,,,1137,282
10563.816326,1804.601462,223,87,210,0.0,,,,,,,,,,,,1137,282
10623.831413,1804.601462,223,87,210,0.0,,,,,,,,,,,,1137,282
10683.856842,1804.601462,223,87,210,0.0,,,,,,,,,,,,1137,282
10743.872348,1804.601462,223,87,210,0.0,,,,,,,,,,,,1137,282
10803.892479,1804.601462,223,87,210,0.0,,,,,,,,,,,,1137,282
10863.925758,1804.601462,223,87,210,0.0,,,,,,,,,,,,1137,282
10923.94129,1804.601462,223,87,210,0.0,,,,,,,,,,,,1137,282
10983.963273,1804.601462,223,87,210,0.0,,,,,,,,,,,,1137,282
11043.978908,1804.601462,223,87,210,0.0,,,,,,,,,,,,1137,282
11103.996337,1804.601462,223,87,210,0.0,,,,,,,,,,,,1137,282
11164.026223,1804.601462,223,87,210,0.0,,,,,,,,,,,,1137,282
11224.046848,1804.601462,223,87,210,0.0,,,,,,,,,,,,1137,282
11284.077835,1804.601462,223,87,210,0.0,,,,,,,,,,,,1137,282
11344.096498,1804.601462,223,87,210,0.0,,,,,,,,,,,,1137,282
11404.115793,1804.601462,223,87,210,0.0,,,,,,,,,,,,1137,282
11464.132225,1804.601462,223,87,210,0.0,,,,,,,,,,,,1137,282
11524.154377,1804.601462,223,87,210,0.0,,,,,,,,,,,,1137,282
11584.176471,1804.601462,223,87,210,0.0,,,,,,,,,,,,1137,282
11644.202934,1804.601462,223,87,210,0.0,,,,,,,,,,,,1137,282
11704.218726,1804.601462,223,87,210,0.0,,,,,,,,,,,,1137,282
11764.234691,1804.601462,223,87,210,0.0,,,,,,,,,,,,1137,282
11824.26104,1804.601462,223,87,210,0.0,,,,,,,,,,,,1137,282
11884.273588,1804.601462,223,87,210,0.0,,,,,,,,,,,,1137,282
11944.294775,1804.601462,223,87,210,0.0,,,,,,,,,,,,1137,282
12004.319049,1804.601462,223,87,210,0.0,,,,,,,,,,,,1137,282
12064.341025,1804.601462,223,87,210,0.0,,,,,,,,,,,,1137,282
12124.364686,1804.601462,223,87,210,0.0,,,,,,,,,,,,1137,282
12184.381051,1804.601462,223,87,210,0.0,,,,,,,,,,,,1137,282
12244.405383,1804.601462,223,87,210,0.0,,,,,,,,,,,,1137,282
12304.446479,1804.601462,223,87,210,0.0,,,,,,,,,,,,1137,282
12364.460173,1804.601462,223,87,210,0.0,,,,,,,,,,,,1137,282
12424.482648,1804.601462,223,87,210,0.0,,,,,,,,,,,,1137,282
12484.501293,1804.601462,223,87,210,0.0,,,,,,,,,,,,1137,282
12544.531353,1804.601462,223,87,210,0.0,,,,,,,,,,,,1137,282
12604.548591,1804.601462,223,87,210,0.0,,,,,,,,,,,,1137,282
12664.57783,1804.601462,223,87,210,0.0,,,,,,,,,,,,1137,282
12724.596501,1804.601462,223,87,210,0.0,,,,,,,,,,,,1137,282
12784.622241,1804.601462,223,87,210,0.0,,,,,,,,,,,,1137,282
12844.634558,1804.601462,223,87,210,0.0,,,,,,,,,,,,1137,282
12904.665429,1804.601462,223,87,210,0.0,,,,,,,,,,,,1137,282
12964.701457,1804.601462,223,87,210,0.0,,,,,,,,,,,,1137,282
13024.721136,1804.601462,223,87,210,0.0,,,,,,,,,,,,1137,282
13084.739177,1804.601462,223,87,210,0.0,,,,,,,,,,,,1137,282
13144.76456,1804.601462,223,87,210,0.0,,,,,,,,,,,,1137,282
13204.785975,1804.601462,223,87,210,0.0,,,,,,,,,,,,1137,282
13264.806346,1804.601462,223,87,210,0.0,,,,,,,,,,,,1137,282
13324.832047,1804.601462,223,87,210,0.0,,,,,,,,,,,,1137,282
13384.852004,1804.601462,223,87,210,0.0,,,,,,,,,,,,1137,282
13444.873397,1804.601462,223,87,210,0.0,,,,,,,,,,,,1137,282
13504.889879,1804.601462,223,87,210,0.0,,,,,,,,,,,,1137,282
13564.914867,1804.601462,223,87,210,0.0,,,,,,,,,,,,1137,282
13624.939484,1804.601462,223,87,210,0.0,,,,,,,,,,,,1137,282
13684.970065,1804.601462,223,87,210,0.0,,,,,,,,,,,,1137,282
13744.996076,1804.601462,223,87,210,0.0,,,,,,,,,,,,1137,282
13805.015964,1804.601462,223,87,210,0.0,,,,,,,,,,,,1137,282
13865.02587,1804.601462,223,87,210,0.0,,,,,,,,,,,,1137,282
13925.050573,1804.601462,223,87,210,0.0,,,,,,,,,,,,1137,282
13985.071856,1804.601462,223,87,210,0.0,,,,,,,,,,,,1137,282
14045.097064,1804.601462,223,87,210,0.0,,,,,,,,,,,,1137,282
14105.117972,1804.601462,223,87,210,0.0,,,,,,,,,,,,1137,282
14165.146542,1804.601462,223,87,210,0.0,,,,,,,,,,,,1137,282
14225.164497,1804.601462,223,87,210,0.0,,,,,,,,,,,,1137,282
14285.179158,1804.601462,223,87,210,0.0,,,,,,,,,,,,1137,282
14345.207993,1804.601462,223,87,210,0.0,,,,,,,,,,,,1137,282
14405.225507,1804.601462,223,87,210,0.0,,,,,,,,,,,,1137,282
14465.255425,1804.601462,223,87,210,0.0,,,,,,,,,,,,1137,282
14525.276902,1804.601462,223,87,210,0.0,,,,,,,,,,,,1137,282
14585.295728,1804.601462,223,87,210,0.0,,,,,,,,,,,,1137,282
14645.310051,1804.601462,223,87,210,0.0,,,,,,,,,,,,1137,282
14705.331916,1804.601462,223,87,210,0.0,,,,,,,,,,,,1137,282
14765.354097,1804.601462,223,87,210,0.0,,,,,,,,,,,,1137,282
14825.369669,1804.601462,223,87,210,0.0,,,,,,,,,,,,1137,282
14885.391142,1804.601462,223,87,210,0.0,,,,,,,,,,,,1137,282
14945.418969,1804.601462,223,87,210,0.0,,,,,,,,,,,,1137,282
15005.438374,1804.601462,223,87,210,0.0,,,,,,,,,,,,1137,282
15065.452857,1804.601462,223,87,210,0.0,,,,,,,,,,,,1137,282
15125.485718,1804.601462,223,87,210,0.0,,,,,,,,,,,,1137,282
15185.507239,1804.601462,223,87,210,0.0,,,,,,,,,,,,1137,282
15245.534383,1804.601462,223,87,210,0.0,,,,,,,,,,,,1137,282
15305.557918,1804.601462,223,87,210,0.0,,,,,,,,,,,,1137,282
15365.579758,1804.601462,223,87,210,0.0,,,,,,,,,,,,1137,282
15425.600496,1804.601462,223,87,210,0.0,,,,,,,,,,,,1137,282
15485.618443,1804.601462,223,87,210,0.0,,,,,,,,,,,,1137,282
15545.648267,1804.601462,223,87,210,0.0,,,,,,,,,,,,1137,282
15605.666519,1804.601462,223,87,210,0.0,,,,,,,,,,,,1137,282
15665.68639,1804.601462,223,87,210,0.0,,,,,,,,,,,,1137,282
15725.706424,1804.601462,223,87,210,0.0,,,,,,,,,,,,1137,282
15785.730115,1804.601462,223,87,210,0.0,,,,,,,,,,,,1137,282
15845.746749,1804.601462,223,87,210,0.0,,,,,,,,,,,,1137,282
15905.763669,1804.601462,223,87,210,0.0,,,,,,,,,,,,1137,282
15965.781604,1804.601462,223,87,210,0.0,,,,,,,,,,,,1137,282
16025.80034,1804.601462,223,87,210,0.0,,,,,,,,,,,,1137,282
16085.825487,1804.601462,223,87,210,0.0,,,,,,,,,,,,1137,282
16145.851415,1804.601462,223,87,210,0.0,,,,,,,,,,,,1137,282
16205.871777,1804.601462,223,87,210,0.0,,,,,,,,,,,,1137,282
16265.892612,1804.601462,223,87,210,0.0,,,,,,,,,,,,1137,282
16325.912652,1804.601462,223,87,210,0.0,,,,,,,,,,,,1137,282
16385.928258,1804.601462,223,87,210,0.0,,,,,,,,,,,,1137,282
16445.951879,1804.601462,223,87,210,0.0,,,,,,,,,,,,1137,282
16505.970628,1804.601462,223,87,210,0.0,,,,,,,,,,,,1137,282
16565.992752,1804.601462,223,87,210,0.0,,,,,,,,,,,,1137,282
16626.020287,1804.601462,223,87,210,0.0,,,,,,,,,,,,1137,282
16686.043382,1804.601462,223,87,210,0.0,,,,,,,,,,,,1137,282
16746.059902,1804.601462,223,87,210,0.0,,,,,,,,,,,,1137,282
16806.082397,1804.601462,223,87,210,0.0,,,,,,,,,,,,1137,282
16866.10821,1804.601462,223,87,210,0.0,,,,,,,,,,,,1137,282
16926.140352,1804.601462,223,87,210,0.0,,,,,,,,,,,,1137,282
16986.163325,1804.601462,223,87,210,0.0,,,,,,,,,,,,1137,282
17046.183852,1804.601462,223,87,210,0.0,,,,,,,,,,,,1137,282
17106.20661,1804.601462,223,87,210,0.0,,,,,,,,,,,,1137,282
17166.221803,1804.601462,223,87,210,0.0,,,,,,,,,,,,1137,282
17226.237251,1804.601462,223,87,210,0.0,,,,,,,,,,,,1137,282
17286.266302,1804.601462,223,87,210,0.0,,,,,,,,,,,,1137,282
17346.286721,1804.601462,223,87,210,0.0,,,,,,,,,,,,1137,282
17406.307217,1804.601462,223,87,210,0.0,,,,,,,,,,,,1137,282
17466.325077,1804.601462,223,87,210,0.0,,,,,,,,,,,,1137,282
17526.350041,1804.601462,223,87,210,0.0,,,,,,,,,,,,1137,282
17586.372343,1804.601462,223,87,210,0.0,,,,,,,,,,,,1137,282
17646.384836,1804.601462,223,87,210,0.0,,,,,,,,,,,,1137,282
17706.401819,1804.601462,223,87,210,0.0,,,,,,,,,,,,1137,282
17766.425311,1804.601462,223,87,210,0.0,,,,,,,,,,,,1137,282
17826.453178,1804.601462,223,87,210,0.0,,,,,,,,,,,,1137,282
17886.474273,1804.601462,223,87,210,0.0,,,,,,,,,,,,1137,282
17946.491982,1804.601462,223,87,210,0.0,,,,,,,,,,,,1137,282
18006.502367,1804.601462,223,87,210,0.0,,,,,,,,,,,,1137,282
18066.530139,1804.601462,223,87,210,0.0,,,,,,,,,,,,1137,282
18126.550544,1804.601462,223,87,210,0.0,,,,,,,,,,,,1137,282
18186.574646,1804.601462,223,87,210,0.0,,,,,,,,,,,,1137,282
18246.59382,1804.601462,223,87,210,0.0,,,,,,,,,,,,1137,282
18306.618963,1804.601462,223,87,210,0.0,,,,,,,,,,,,1137,282
18366.638724,1804.601462,223,87,210,0.0,,,,,,,,,,,,1137,282
18426.657072,1804.601462,223,87,210,0.0,,,,,,,,,,,,1137,282
18486.679831,1804.601462,223,87,210,0.0,,,,,,,,,,,,1137,282
18546.703101,1804.601462,223,87,210,0.0,,,,,,,,,,,,1137,282
18606.718648,1804.601462,223,87,210,0.0,,,,,,,,,,,,1137,282
18666.737418,1804.601462,223,87,210,0.0,,,,,,,,,,,,1137,282
18726.768502,1804.601462,223,87,210,0.0,,,,,,,,,,,,1137,282
18786.790696,1804.601462,223,87,210,0.0,,,,,,,,,,,,1137,282
18846.816212,1804.601462,223,87,210,0.0,,,,,,,,,,,,1137,282
18906.837051,1804.601462,223,87,210,0.0,,,,,,,,,,,,1137,282
18966.8526,1804.601462,223,87,210,0.0,,,,,,,,,,,,1137,282
19026.877848,1804.601462,223,87,210,0.0,,,,,,,,,,,,1137,282
19086.892562,1804.601462,223,87,210,0.0,,,,,,,,,,,,1137,282
19146.90537,1804.601462,223,87,210,0.0,,,,,,,,,,,,1137,282
19206.916517,1804.601462,223,87,210,0.0,,,,,,,,,,,,1137,282
19266.945049,1804.601462,223,87,210,0.0,,,,,,,,,,,,1137,282
19326.966023,1804.601462,223,87,210,0.0,,,,,,,,,,,,1137,282
19386.99329,1804.601462,223,87,210,0.0,,,,,,,,,,,,1137,282
19447.007411,1804.601462,223,87,210,0.0,,,,,,,,,,,,1137,282
19507.035068,1804.601462,223,87,210,0.0,,,,,,,,,,,,1137,282
19567.056925,1804.601462,223,87,210,0.0,,,,,,,,,,,,1137,282
19627.065669,1804.601462,223,87,210,0.0,,,,,,,,,,,,1137,282
19687.08699,1804.601462,223,87,210,0.0,,,,,,,,,,,,1137,282
19747.106851,1804.601462,223,87,210,0.0,,,,,,,,,,,,1137,282
19807.127999,1804.601462,223,87,210,0.0,,,,,,,,,,,,1137,282
19867.146511,1804.601462,223,87,210,0.0,,,,,,,,,,,,1137,282
19927.167825,1804.601462,223,87,210,0.0,,,,,,,,,,,,1137,282
19987.202094,1804.601462,223,87,210,0.0,,,,,,,,,,,,1137,282
20047.228477,1804.601462,223,87,210,0.0,,,,,,,,,,,,1137,282
20107.244726,1804.601462,223,87,210,0.0,,,,,,,,,,,,1137,282
20167.279208,1804.601462,223,87,210,0.0,,,,,,,,,,,,1137,282
20227.300284,1804.601462,223,87,210,0.0,,,,,,,,,,,,1137,282
20287.323314,1804.601462,223,87,210,0.0,,,,,,,,,,,,1137,282
20347.333141,1804.601462,223,87,210,0.0,,,,,,,,,,,,1137,282
20407.360754,1804.601462,223,87,210,0.0,,,,,,,,,,,,1137,282
20467.37884,1804.601462,223,87,210,0.0,,,,,,,,,,,,1137,282
20527.407759,1804.601462,223,87,210,0.0,,,,,,,,,,,,1137,282
20587.42572,1804.601462,223,87,210,0.0,,,,,,,,,,,,1137,282
20647.453042,1804.601462,223,87,210,0.0,,,,,,,,,,,,1137,282
20707.470383,1804.601462,223,87,210,0.0,,,,,,,,,,,,1137,282
20767.497025,1804.601462,223,87,210,0.0,,,,,,,,,,,,1137,282
20827.51756,1804.601462,223,87,210,0.0,,,,,,,,,,,,1137,282
20887.553377,1804.601462,223,87,210,0.0,,,,,,,,,,,,1137,282
20947.572602,1804.601462,223,87,210,0.0,,,,,,,,,,,,1137,282
21007.590588,1804.601462,223,87,210,0.0,,,,,,,,,,,,1137,282
21067.606278,1804.601462,223,87,210,0.0,,,,,,,,,,,,1137,282
21127.627771,1804.601462,223,87,210,0.0,,,,,,,,,,,,1137,282
21187.652532,1804.601462,223,87,210,0.0,,,,,,,,,,,,1137,282
21247.671143,1804.601462,223,87,210,0.0,,,,,,,,,,,,1137,282
21307.690187,1804.601462,223,87,210,0.0,,,,,,,,,,,,1137,282
21367.710237,1804.601462,223,87,210,0.0,,,,,,,,,,,,1137,282
21427.732299,1804.601462,223,87,210,0.0,,,,,,,,,,,,1137,282
21487.760666,1804.601462,223,87,210,0.0,,,,,,,,,,,,1137,282
21547.774152,1804.601462,223,87,210,0.0,,,,,,,,,,,,1137,282
21607.808044,1804.601462,223,87,210,0.0,,,,,,,,,,,,1137,282
21667.836118,1804.601462,223,87,210,0.0,,,,,,,,,,,,1137,282
21727.866878,1804.601462,223,87,210,0.0,,,,,,,,,,,,1137,282
21787.88795,1804.601462,223,87,210,0.0,,,,,,,,,,,,1137,282
21847.91328,1804.601462,223,87,210,0.0,,,,,,,,,,,,1137,282
21907.926774,1804.601462,223,87,210,0.0,,,,,,,,,,,,1137,282
21967.950432,1804.601462,223,87,210,0.0,,,,,,,,,,,,1137,282
22027.978079,1804.601462,223,87,210,0.0,,,,,,,,,,,,1137,282
22087.99937,1804.601462,223,87,210,0.0,,,,,,,,,,,,1137,282
22148.019314,1804.601462,223,87,210,0.0,,,,,,,,,,,,1137,282
22208.039041,1804.601462,223,87,210,0.0,,,,,,,,,,,,1137,282
22268.071107,1804.601462,223,87,210,0.0,,,,,,,,,,,,1137,282
22328.095293,1804.601462,223,87,210,0.0,,,,,,,,,,,,1137,282
22388.105717,1804.601462,223,87,210,0.0,,,,,,,,,,,,1137,282
22448.123012,1804.601462,223,87,210,0.0,,,,,,,,,,,,1137,282
22508.147097,1804.601462,223,87,210,0.0,,,,,,,,,,,,1137,282
22568.169589,1804.601462,223,87,210,0.0,,,,,,,,,,,,1137,282
22628.19556,1804.601462,223,87,210,0.0,,,,,,,,,,,,1137,282
22688.214887,1804.601462,223,87,210,0.0,,,,,,,,,,,,1137,282
22748.237954,1804.601462,223,87,210,0.0,,,,,,,,,,,,1137,282
22808.258823,1804.601462,223,87,210,0.0,,,,,,,,,,,,1137,282
22868.275412,1804.601462,223,87,210,0.0,,,,,,,,,,,,1137,282
22928.296265,1804.601462,223,87,210,0.0,,,,,,,,,,,,1137,282
22988.317825,1804.601462,223,87,210,0.0,,,,,,,,,,,,1137,282
23048.335678,1804.601462,223,87,210,0.0,,,,,,,,,,,,1137,282
23108.356434,1804.601462,223,87,210,0.0,,,,,,,,,,,,1137,282
23168.372695,1804.601462,223,87,210,0.0,,,,,,,,,,,,1137,282
23228.38491,1804.601462,223,87,210,0.0,,,,,,,,,,,,1137,282
23288.40865,1804.601462,223,87,210,0.0,,,,,,,,,,,,1137,282
23348.435744,1804.601462,223,87,210,0.0,,,,,,,,,,,,1137,282
23408.460947,1804.601462,223,87,210,0.0,,,,,,,,,,,,1137,282
23468.485772,1804.601462,223,87,210,0.0,,,,,,,,,,,,1137,282
23528.50462,1804.601462,223,87,210,0.0,,,,,,,,,,,,1137,282
23588.525217,1804.601462,223,87,210,0.0,,,,,,,,,,,,1137,282
23648.538836,1804.601462,223,87,210,0.0,,,,,,,,,,,,1137,282
23708.557548,1804.601462,223,87,210,0.0,,,,,,,,,,,,1137,282
23768.578784,1804.601462,223,87,210,0.0,,,,,,,,,,,,1137,282
23828.614932,1804.601462,223,87,210,0.0,,,,,,,,,,,,1137,282
23888.635628,1804.601462,223,87,210,0.0,,,,,,,,,,,,1137,282
23948.649342,1804.601462,223,87,210,0.0,,,,,,,,,,,,1137,282
24008.660018,1804.601462,223,87,210,0.0,,,,,,,,,,,,1137,282
24068.691022,1804.601462,223,87,210,0.0,,,,,,,,,,,,1137,282
24128.722572,1804.601462,223,87,210,0.0,,,,,,,,,,,,1137,282
24188.745715,1804.601462,223,87,210,0.0,,,,,,,,,,,,1137,282
24248.764522,1804.601462,223,87,210,0.0,,,,,,,,,,,,1137,282
24308.786329,1804.601462,223,87,210,0.0,,,,,,,,,,,,1137,282
24368.810937,1804.601462,223,87,210,0.0,,,,,,,,,,,,1137,282
24428.839956,1804.601462,223,87,210,0.0,,,,,,,,,,,,1137,282
24488.869849,1804.601462,223,87,210,0.0,,,,,,,,,,,,1137,282
24548.888663,1804.601462,223,87,210,0.0,,,,,,,,,,,,1137,282
24608.910448,1804.601462,223,87,210,0.0,,,,,,,,,,,,1137,282
24668.917141,1804.601462,223,87,210,0.0,,,,,,,,,,,,1137,282
24728.94529,1804.601462,223,87,210,0.0,,,,,,,,,,,,1137,282
24788.972201,1804.601462,223,87,210,0.0,,,,,,,,,,,,1137,282
24848.98905,1804.601462,223,87,210,0.0,,,,,,,,,,,,1137,282
24909.006852,1804.601462,223,87,210,0.0,,,,,,,,,,,,1137,282
24969.030333,1804.601462,223,87,210,0.0,,,,,,,,,,,,1137,282
25029.058849,1804.601462,223,87,210,0.0,,,,,,,,,,,,1137,282
25089.08411,1804.601462,223,87,210,0.0,,,,,,,,,,,,1137,282
25149.109064,1804.601462,223,87,210,0.0,,,,,,,,,,,,1137,282
25209.128792,1804.601462,223,87,210,0.0,,,,,,,,,,,,1137,282
25269.154439,1804.601462,223,87,210,0.0,,,,,,,,,,,,1137,282
25329.168019,1804.601462,223,87,210,0.0,,,,,,,,,,,,1137,282
25389.19669,1804.601462,223,87,210,0.0,,,,,,,,,,,,1137,282
25449.217875,1804.601462,223,87,210,0.0,,,,,,,,,,,,1137,282
25509.238331,1804.601462,223,87,210,0.0,,,,,,,,,,,,1137,282
25569.27054,1804.601462,223,87,210,0.0,,,,,,,,,,,,1137,282
25629.284125,1804.601462,223,87,210,0.0,,,,,,,,,,,,1137,282
25689.308078,1804.601462,223,87,210,0.0,,,,,,,,,,,,1137,282
25749.332676,1804.601462,223,87,210,0.0,,,,,,,,,,,,1137,282
25809.348337,1804.601462,223,87,210,0.0,,,,,,,,,,,,1137,282
25869.379046,1804.601462,223,87,210,0.0,,,,,,,,,,,,1137,282
25929.403668,1804.601462,223,87,210,0.0,,,,,,,,,,,,1137,282
25989.423239,1804.601462,223,87,210,0.0,,,,,,,,,,,,1137,282
26049.450096,1804.601462,223,87,210,0.0,,,,,,,,,,,,1137,282
26109.479901,1804.601462,223,87,210,0.0,,,,,,,,,,,,1137,282
26169.506951,1804.601462,223,87,210,0.0,,,,,,,,,,,,1137,282
26229.534388,1804.601462,223,87,210,0.0,,,,,,,,,,,,1137,282
26289.547594,1804.601462,223,87,210,0.0,,,,,,,,,,,,1137,282
26349.567076,1804.601462,223,87,210,0.0,,,,,,,,,,,,1137,282
26409.587507,1804.601462,223,87,210,0.0,,,,,,,,,,,,1137,282
26469.600582,1804.601462,223,87,210,0.0,,,,,,,,,,,,1137,282
26529.628163,1804.601462,223,87,210,0.0,,,,,,,,,,,,1137,282
26589.643129,1804.601462,223,87,210,0.0,,,,,,,,,,,,1137,282
26649.674382,1804.601462,223,87,210,0.0,,,,,,,,,,,,1137,282
26709.700524,1804.601462,223,87,210,0.0,,,,,,,,,,,,1137,282
26769.713405,1804.601462,223,87,210,0.0,,,,,,,,,,,,1137,282
26829.743456,1804.601462,223,87,210,0.0,,,,,,,,,,,,1137,282
26889.768783,1804.601462,223,87,210,0.0,,,,,,,,,,,,1137,282
26949.7795,1804.601462,223,87,210,0.0,,,,,,,,,,,,1137,282
27009.804805,1804.601462,223,87,210,0.0,,,,,,,,,,,,1137,282
27069.825019,1804.601462,223,87,210,0.0,,,,,,,,,,,,1137,282
27129.851309,1804.601462,223,87,210,0.0,,,,,,,,,,,,1137,282
27189.86252,1804.601462,223,87,210,0.0,,,,,,,,,,,,1137,282
27249.893179,1804.601462,223,87,210,0.0,,,,,,,,,,,,1137,282
27309.918957,1804.601462,223,87,210,0.0,,,,,,,,,,,,1137,282
27369.934989,1804.601462,223,87,210,0.0,,,,,,,,,,,,1137,282
27429.956583,1804.601462,223,87,210,0.0,,,,,,,,,,,,1137,282
27489.990891,1804.601462,223,87,210,0.0,,,,,,,,,,,,1137,282
27550.013447,1804.601462,223,87,210,0.0,,,,,,,,,,,,1137,282
27610.042395,1804.601462,223,87,210,0.0,,,,,,,,,,,,1137,282
27670.062122,1804.601462,223,87,210,0.0,,,,,,,,,,,,1137,282
27730.082841,1804.601462,223,87,210,0.0,,,,,,,,,,,,1137,282
27790.109093,1804.601462,223,87,210,0.0,,,,,,,,,,,,1137,282
27850.130571,1804.601462,223,87,210,0.0,,,,,,,,,,,,1137,282
27910.164559,1804.601462,223,87,210,0.0,,,,,,,,,,,,1137,282
27970.188839,1804.601462,223,87,210,0.0,,,,,,,,,,,,1137,282
28030.20941,1804.601462,223,87,210,0.0,,,,,,,,,,,,1137,282
28090.235989,1804.601462,223,87,210,0.0,,,,,,,,,,,,1137,282
28150.263235,1804.601462,223,87,210,0.0,,,,,,,,,,,,1137,282
28210.288382,1804.601462,223,87,210,0.0,,,,,,,,,,,,1137,282
28270.313282,1804.601462,223,87,210,0.0,,,,,,,,,,,,1137,282
28330.329579,1804.601462,223,87,210,0.0,,,,,,,,,,,,1137,282
28390.347552,1804.601462,223,87,210,0.0,,,,,,,,,,,,1137,282
28450.370194,1804.601462,223,87,210,0.0,,,,,,,,,,,,1137,282
28510.395088,1804.601462,223,87,210,0.0,,,,,,,,,,,,1137,282
28570.421651,1804.601462,223,87,210,0.0,,,,,,,,,,,,1137,282
28630.432904,1804.601462,223,87,210,0.0,,,,,,,,,,,,1137,282
28690.464121,1804.601462,223,87,210,0.0,,,,,,,,,,,,1137,282
28750.485973,1804.601462,223,87,210,0.0,,,,,,,,,,,,1137,282
28810.507886,1804.601462,223,87,210,0.0,,,,,,,,,,,,1137,282
28870.526601,1804.601462,223,87,210,0.0,,,,,,,,,,,,1137,282
28930.548066,1804.601462,223,87,210,0.0,,,,,,,,,,,,1137,282
28990.566854,1804.601462,223,87,210,0.0,,,,,,,,,,,,1137,282
29050.591772,1804.601462,223,87,210,0.0,,,,,,,,,,,,1137,282
29110.619009,1804.601462,223,87,210,0.0,,,,,,,,,,,,1137,282
29170.64875,1804.601462,223,87,210,0.0,,,,,,,,,,,,1137,282
29230.670473,1804.601462,223,87,210,0.0,,,,,,,,,,,,1137,282
29290.692801,1804.601462,223,87,210,0.0,,,,,,,,,,,,1137,282
29350.71756,1804.601462,223,87,210,0.0,,,,,,,,,,,,1137,282
29410.738871,1804.601462,223,87,210,0.0,,,,,,,,,,,,1137,282
29470.762898,1804.601462,223,87,210,0.0,,,,,,,,,,,,1137,282
29530.785812,1804.601462,223,87,210,0.0,,,,,,,,,,,,1137,282
29590.815685,1804.601462,223,87,210,0.0,,,,,,,,,,,,1137,282
29650.83562,1804.601462,223,87,210,0.0,,,,,,,,,,,,1137,282
29710.847461,1804.601462,223,87,210,0.0,,,,,,,,,,,,1137,282
29770.867637,1804.601462,223,87,210,0.0,,,,,,,,,,,,1137,282
29830.883134,1804.601462,223,87,210,0.0,,,,,,,,,,,,1137,282
29890.900464,1804.601462,223,87,210,0.0,,,,,,,,,,,,1137,282
29950.924817,1804.601462,223,87,210,0.0,,,,,,,,,,,,1137,282
30010.956468,1804.601462,223,87,210,0.0,,,,,,,,,,,,1137,282
30070.970976,1804.601462,223,87,210,0.0,,,,,,,,,,,,1137,282
30131.006428,1804.601462,223,87,210,0.0,,,,,,,,,,,,1137,282
30191.030182,1804.601462,223,87,210,0.0,,,,,,,,,,,,1137,282
30251.056954,1804.601462,223,87,210,0.0,,,,,,,,,,,,1137,282
30311.071574,1804.601462,223,87,210,0.0,,,,,,,,,,,,1137,282
30371.091816,1804.601462,223,87,210,0.0,,,,,,,,,,,,1137,282
30431.112677,1804.601462,223,87,210,0.0,,,,,,,,,,,,1137,282
30491.127648,1804.601462,223,87,210,0.0,,,,,,,,,,,,1137,282
30551.156165,1804.601462,223,87,210,0.0,,,,,,,,,,,,1137,282
30611.185102,1804.601462,223,87,210,0.0,,,,,,,,,,,,1137,282
30671.203703,1804.601462,223,87,210,0.0,,,,,,,,,,,,1137,282
30731.229189,1804.601462,223,87,210,0.0,,,,,,,,,,,,1137,282
30791.244527,1804.601462,223,87,210,0.0,,,,,,,,,,,,1137,282
30851.26245,1804.601462,223,87,210,0.0,,,,,,,,,,,,1137,282
30911.27091,1804.601462,223,87,210,0.0,,,,,,,,,,,,1137,282
30971.295905,1804.601462,223,87,210,0.0,,,,,,,,,,,,1137,282
31031.323571,1804.601462,223,87,210,0.0,,,,,,,,,,,,1137,282
31091.343158,1804.601462,223,87,210,0.0,,,,,,,,,,,,1137,282
31151.366317,1804.601462,223,87,210,0.0,,,,,,,,,,,,1137,282
31211.384616,1804.601462,223,87,210,0.0,,,,,,,,,,,,1137,282
31271.421526,1804.601462,223,87,210,0.0,,,,,,,,,,,,1137,282
31331.445157,1804.601462,223,87,210,0.0,,,,,,,,,,,,1137,282
31391.462687,1804.601462,223,87,210,0.0,,,,,,,,,,,,1137,282
31451.480178,1804.601462,223,87,210,0.0,,,,,,,,,,,,1137,282
31511.503024,1804.601462,223,87,210,0.0,,,,,,,,,,,,1137,282
31571.519526,1804.601462,223,87,210,0.0,,,,,,,,,,,,1137,282
31631.54682,1804.601462,223,87,210,0.0,,,,,,,,,,,,1137,282
31691.561701,1804.601462,223,87,210,0.0,,,,,,,,,,,,1137,282
31751.590208,1804.601462,223,87,210,0.0,,,,,,,,,,,,1137,282
31811.616986,1804.601462,223,87,210,0.0,,,,,,,,,,,,1137,282
31871.637085,1804.601462,223,87,210,0.0,,,,,,,,,,,,1137,282
31931.653723,1804.601462,223,87,210,0.0,,,,,,,,,,,,1137,282
31991.672092,1804.601462,223,87,210,0.0,,,,,,,,,,,,1137,282
32051.699476,1804.601462,223,87,210,0.0,,,,,,,,,,,,1137,282
32111.722954,1804.601462,223,87,210,0.0,,,,,,,,,,,,1137,282
32171.748484,1804.601462,223,87,210,0.0,,,,,,,,,,,,1137,282
32231.765639,1804.601462,223,87,210,0.0,,,,,,,,,,,,1137,282
32291.783301,1804.601462,223,87,210,0.0,,,,,,,,,,,,1137,282
32351.816215,1804.601462,223,87,210,0.0,,,,,,,,,,,,1137,282
32411.840187,1804.601462,223,87,210,0.0,,,,,,,,,,,,1137,282
32471.866643,1804.601462,223,87,210,0.0,,,,,,,,,,,,1137,282
32531.895319,1804.601462,223,87,210,0.0,,,,,,,,,,,,1137,282
32591.910445,1804.601462,223,87,210,0.0,,,,,,,,,,,,1137,282
32651.941361,1804.601462,223,87,210,0.0,,,,,,,,,,,,1137,282
32711.968733,1804.601462,223,87,210,0.0,,,,,,,,,,,,1137,282
32771.988306,1804.601462,223,87,210,0.0,,,,,,,,,,,,1137,282
32832.010192,1804.601462,223,87,210,0.0,,,,,,,,,,,,1137,282
32892.028497,1804.601462,223,87,210,0.0,,,,,,,,,,,,1137,282
32952.054799,1804.601462,223,87,210,0.0,,,,,,,,,,,,1137,282
33012.08908,1804.601462,223,87,210,0.0,,,,,,,,,,,,1137,282
33072.121019,1804.601462,223,87,210,0.0,,,,,,,,,,,,1137,282
33132.142111,1804.601462,223,87,210,0.0,,,,,,,,,,,,1137,282
33192.167368,1804.601462,223,87,210,0.0,,,,,,,,,,,,1137,282
33252.193749,1804.601462,223,87,210,0.0,,,,,,,,,,,,1137,282
33312.210452,1804.601462,223,87,210,0.0,,,,,,,,,,,,1137,282
33372.224733,1804.601462,223,87,210,0.0,,,,,,,,,,,,1137,282
33432.243325,1804.601462,223,87,210,0.0,,,,,,,,,,,,1137,282
33492.26164,1804.601462,223,87,210,0.0,,,,,,,,,,,,1137,282
33552.28358,1804.601462,223,87,210,0.0,,,,,,,,,,,,1137,282
33612.301686,1804.601462,223,87,210,0.0,,,,,,,,,,,,1137,282
33672.317141,1804.601462,223,87,210,0.0,,,,,,,,,,,,1137,282
33732.345735,1804.601462,223,87,210,0.0,,,,,,,,,,,,1137,282
33792.37058,1804.601462,223,87,210,0.0,,,,,,,,,,,,1137,282
33852.393076,1804.601462,223,87,210,0.0,,,,,,,,,,,,1137,282
33912.416561,1804.601462,223,87,210,0.0,,,,,,,,,,,,1137,282
33972.44571,1804.601462,223,87,210,0.0,,,,,,,,,,,,1137,282
34032.468808,1804.601462,223,87,210,0.0,,,,,,,,,,,,1137,282
34092.499179,1804.601462,223,87,210,0.0,,,,,,,,,,,,1137,282
34152.520547,1804.601462,223,87,210,0.0,,,,,,,,,,,,1137,282
34212.532408,1804.601462,223,87,210,0.0,,,,,,,,,,,,1137,282
34272.560166,1804.601462,223,87,210,0.0,,,,,,,,,,,,1137,282
34332.584336,1804.601462,223,87,210,0.0,,,,,,,,,,,,1137,282
34392.613719,1804.601462,223,87,210,0.0,,,,,,,,,,,,1137,282
34452.637368,1804.601462,223,87,210,0.0,,,,,,,,,,,,1137,282
34512.655574,1804.601462,223,87,210,0.0,,,,,,,,,,,,1137,282
34572.685772,1804.601462,223,87,210,0.0,,,,,,,,,,,,1137,282
34632.705887,1804.601462,223,87,210,0.0,,,,,,,,,,,,1137,282
34692.735029,1804.601462,223,87,210,0.0,,,,,,,,,,,,1137,282
34752.75629,1804.601462,223,87,210,0.0,,,,,,,,,,,,1137,282
34812.773491,1804.601462,223,87,210,0.0,,,,,,,,,,,,1137,282
34872.80535,1804.601462,223,87,210,0.0,,,,,,,,,,,,1137,282
34932.828142,1804.601462,223,87,210,0.0,,,,,,,,,,,,1137,282
34992.846414,1804.601462,223,87,210,0.0,,,,,,,,,,,,1137,282
35052.866418,1804.601462,223,87,210,0.0,,,,,,,,,,,,1137,282
35112.884021,1804.601462,223,87,210,0.0,,,,,,,,,,,,1137,282
35172.905033,1804.601462,223,87,210,0.0,,,,,,,,,,,,1137,282
35232.924842,1804.601462,223,87,210,0.0,,,,,,,,,,,,1137,282
35292.939457,1804.601462,223,87,210,0.0,,,,,,,,,,,,1137,282
35352.955775,1804.601462,223,87,210,0.0,,,,,,,,,,,,1137,282
35412.981336,1804.601462,223,87,210,0.0,,,,,,,,,,,,1137,282
35473.001062,1804.601462,223,87,210,0.0,,,,,,,,,,,,1137,282
35533.015425,1804.601462,223,87,210,0.0,,,,,,,,,,,,1137,282
35593.040464,1804.601462,223,87,210,0.0,,,,,,,,,,,,1137,282
35653.055441,1804.601462,223,87,210,0.0,,,,,,,,,,,,1137,282
35713.071014,1804.601462,223,87,210,0.0,,,,,,,,,,,,1137,282
35773.090931,1804.601462,223,87,210,0.0,,,,,,,,,,,,1137,282
35833.11267,1804.601462,223,87,210,0.0,,,,,,,,,,,,1137,282
35893.137892,1804.601462,223,87,210,0.0,,,,,,,,,,,,1137,282
35953.159366,1804.601462,223,87,210,0.0,,,,,,,,,,,,1137,282
36013.190226,1804.601462,223,87,210,0.0,,,,,,,,,,,,1137,282
36073.225622,1804.601462,223,87,210,0.0,,,,,,,,,,,,1137,282
36133.249438,1804.601462,223,87,210,0.0,,,,,,,,,,,,1137,282
36193.268225,1804.601462,223,87,210,0.0,,,,,,,,,,,,1137,282
36253.298251,1804.601462,223,87,210,0.0,,,,,,,,,,,,1137,282
36313.308537,1804.601462,223,87,210,0.0,,,,,,,,,,,,1137,282
36373.331353,1804.601462,223,87,210,0.0,,,,,,,,,,,,1137,282
36433.346874,1804.601462,223,87,210,0.0,,,,,,,,,,,,1137,282
36493.36994,1804.601462,223,87,210,0.0,,,,,,,,,,,,1137,282
36553.387449,1804.601462,223,87,210,0.0,,,,,,,,,,,,1137,282
36613.41433,1804.601462,223,87,210,0.0,,,,,,,,,,,,1137,282
36673.428284,1804.601462,223,87,210,0.0,,,,,,,,,,,,1137,282
36733.449708,1804.601462,223,87,210,0.0,,,,,,,,,,,,1137,282
36793.472807,1804.601462,223,87,210,0.0,,,,,,,,,,,,1137,282
36853.488784,1804.601462,223,87,210,0.0,,,,,,,,,,,,1137,282
36913.519065,1804.601462,223,87,210,0.0,,,,,,,,,,,,1137,282
36973.531614,1804.601462,223,87,210,0.0,,,,,,,,,,,,1137,282
37033.549832,1804.601462,223,87,210,0.0,,,,,,,,,,,,1137,282
37093.571165,1804.601462,223,87,210,0.0,,,,,,,,,,,,1137,282
37153.591942,1804.601462,223,87,210,0.0,,,,,,,,,,,,1137,282
37213.61006,1804.601462,223,87,210,0.0,,,,,,,,,,,,1137,282
37273.629759,1804.601462,223,87,210,0.0,,,,,,,,,,,,1137,282
37333.655217,1804.601462,223,87,210,0.0,,,,,,,,,,,,1137,282
37393.674705,1804.601462,223,87,210,0.0,,,,,,,,,,,,1137,282
37453.694901,1804.601462,223,87,210,0.0,,,,,,,,,,,,1137,282
37513.723051,1804.601462,223,87,210,0.0,,,,,,,,,,,,1137,282
37573.757131,1804.601462,223,87,210,0.0,,,,,,,,,,,,1137,282
37633.774163,1804.601462,223,87,210,0.0,,,,,,,,,,,,1137,282
37693.801086,1804.601462,223,87,210,0.0,,,,,,,,,,,,1137,282
37753.824963,1804.601462,223,87,210,0.0,,,,,,,,,,,,1137,282
37813.838266,1804.601462,223,87,210,0.0,,,,,,,,,,,,1137,282
37873.854683,1804.601462,223,87,210,0.0,,,,,,,,,,,,1137,282
37933.868157,1804.601462,223,87,210,0.0,,,,,,,,,,,,1137,282
37993.895878,1804.601462,223,87,210,0.0,,,,,,,,,,,,1137,282
38053.914632,1804.601462,223,87,210,0.0,,,,,,,,,,,,1137,282
38113.938347,1804.601462,223,87,210,0.0,,,,,,,,,,,,1137,282
38173.959615,1804.601462,223,87,210,0.0,,,,,,,,,,,,1137,282
38233.982392,1804.601462,223,87,210,0.0,,,,,,,,,,,,1137,282
38294.011882,1804.601462,223,87,210,0.0,,,,,,,,,,,,1137,282
38354.030972,1804.601462,223,87,210,0.0,,,,,,,,,,,,1137,282
38414.056846,1804.601462,223,87,210,0.0,,,,,,,,,,,,1137,282
38474.068788,1804.601462,223,87,210,0.0,,,,,,,,,,,,1137,282
38534.092277,1804.601462,223,87,210,0.0,,,,,,,,,,,,1137,282
38594.114777,1804.601462,223,87,210,0.0,,,,,,,,,,,,1137,282
38654.152416,1804.601462,223,87,210,0.0,,,,,,,,,,,,1137,282
38714.168545,1804.601462,223,87,210,0.0,,,,,,,,,,,,1137,282
38774.189383,1804.601462,223,87,210,0.0,,,,,,,,,,,,1137,282
38834.209948,1804.601462,223,87,210,0.0,,,,,,,,,,,,1137,282
38894.23349,1804.601462,223,87,210,0.0,,,,,,,,,,,,1137,282
38954.25307,1804.601462,223,87,210,0.0,,,,,,,,,,,,1137,282
39014.269525,1804.601462,223,87,210,0.0,,,,,,,,,,,,1137,282
39074.304375,1804.601462,223,87,210,0.0,,,,,,,,,,,,1137,282
39134.322364,1804.601462,223,87,210,0.0,,,,,,,,,,,,1137,282
39194.346211,1804.601462,223,87,210,0.0,,,,,,,,,,,,1137,282
39254.357662,1804.601462,223,87,210,0.0,,,,,,,,,,,,1137,282
39314.375513,1804.601462,223,87,210,0.0,,,,,,,,,,,,1137,282
39374.398986,1804.601462,223,87,210,0.0,,,,,,,,,,,,1137,282
39434.422245,1804.601462,223,87,210,0.0,,,,,,,,,,,,1137,282
39494.438939,1804.601462,223,87,210,0.0,,,,,,,,,,,,1137,282
39554.460349,1804.601462,223,87,210,0.0,,,,,,,,,,,,1137,282
39614.475668,1804.601462,223,87,210,0.0,,,,,,,,,,,,1137,282
39674.500475,1804.601462,223,87,210,0.0,,,,,,,,,,,,1137,282
39734.515049,1804.601462,223,87,210,0.0,,,,,,,,,,,,1137,282
39794.539837,1804.601462,223,87,210,0.0,,,,,,,,,,,,1137,282
39854.559359,1804.601462,223,87,210,0.0,,,,,,,,,,,,1137,282
39914.584474,1804.601462,223,87,210,0.0,,,,,,,,,,,,1137,282
39974.600273,1804.601462,223,87,210,0.0,,,,,,,,,,,,1137,282
40034.625042,1804.601462,223,87,210,0.0,,,,,,,,,,,,1137,282
40094.638501,1804.601462,223,87,210,0.0,,,,,,,,,,,,1137,282
40154.665042,1804.601462,223,87,210,0.0,,,,,,,,,,,,1137,282
40214.685734,1804.601462,223,87,210,0.0,,,,,,,,,,,,1137,282
40274.700576,1804.601462,223,87,210,0.0,,,,,,,,,,,,1137,282
40334.724991,1804.601462,223,87,210,0.0,,,,,,,,,,,,1137,282
40394.737904,1804.601462,223,87,210,0.0,,,,,,,,,,,,1137,282
40454.769859,1804.601462,223,87,210,0.0,,,,,,,,,,,,1137,282
40514.798969,1804.601462,223,87,210,0.0,,,,,,,,,,,,1137,282
40574.817541,1804.601462,223,87,210,0.0,,,,,,,,,,,,1137,282
40634.838129,1804.601462,223,87,210,0.0,,,,,,,,,,,,1137,282
40694.869459,1804.601462,223,87,210,0.0,,,,,,,,,,,,1137,282
40754.886621,1804.601462,223,87,210,0.0,,,,,,,,,,,,1137,282
40814.903291,1804.601462,223,87,210,0.0,,,,,,,,,,,,1137,282
40874.931344,1804.601462,223,87,210,0.0,,,,,,,,,,,,1137,282
40934.951127,1804.601462,223,87,210,0.0,,,,,,,,,,,,1137,282
40994.972441,1804.601462,223,87,210,0.0,,,,,,,,,,,,1137,282
41054.993308,1804.601462,223,87,210,0.0,,,,,,,,,,,,1137,282
41115.020696,1804.601462,223,87,210,0.0,,,,,,,,,,,,1137,282
41175.054887,1804.601462,223,87,210,0.0,,,,,,,,,,,,1137,282
41235.066278,1804.601462,223,87,210,0.0,,,,,,,,,,,,1137,282
41295.084541,1804.601462,223,87,210,0.0,,,,,,,,,,,,1137,282
41355.113864,1804.601462,223,87,210,0.0,,,,,,,,,,,,1137,282
41415.134767,1804.601462,223,87,210,0.0,,,,,,,,,,,,1137,282
41475.16048,1804.601462,223,87,210,0.0,,,,,,,,,,,,1137,282
41535.174827,1804.601462,223,87,210,0.0,,,,,,,,,,,,1137,282
41595.193438,1804.601462,223,87,210,0.0,,,,,,,,,,,,1137,282
41655.226795,1804.601462,223,87,210,0.0,,,,,,,,,,,,1137,282
41715.239354,1804.601462,223,87,210,0.0,,,,,,,,,,,,1137,282
41775.258625,1804.601462,223,87,210,0.0,,,,,,,,,,,,1137,282
41835.287896,1804.601462,223,87,210,0.0,,,,,,,,,,,,1137,282
41895.297997,1804.601462,223,87,210,0.0,,,,,,,,,,,,1137,282
41955.329483,1804.601462,223,87,210,0.0,,,,,,,,,,,,1137,282
42015.344678,1804.601462,223,87,210,0.0,,,,,,,,,,,,1137,282
42075.362484,1804.601462,223,87,210,0.0,,,,,,,,,,,,1137,282
42135.379158,1804.601462,223,87,210,0.0,,,,,,,,,,,,1137,282
42195.398336,1804.601462,223,87,210,0.0,,,,,,,,,,,,1137,282
42255.418652,1804.601462,223,87,210,0.0,,,,,,,,,,,,1137,282
42315.444433,1804.601462,223,87,210,0.0,,,,,,,,,,,,1137,282
42375.463928,1804.601462,223,87,210,0.0,,,,,,,,,,,,1137,282
42435.489557,1804.601462,223,87,210,0.0,,,,,,,,,,,,1137,282
42495.504036,1804.601462,223,87,210,0.0,,,,,,,,,,,,1137,282
42555.527655,1804.601462,223,87,210,0.0,,,,,,,,,,,,1137,282
42615.549389,1804.601462,223,87,210,0.0,,,,,,,,,,,,1137,282
42675.572297,1804.601462,223,87,210,0.0,,,,,,,,,,,,1137,282
42735.584267,1804.601462,223,87,210,0.0,,,,,,,,,,,,1137,282
42795.60506,1804.601462,223,87,210,0.0,,,,,,,,,,,,1137,282
42855.623857,1804.601462,223,87,210,0.0,,,,,,,,,,,,1137,282
42915.647206,1804.601462,223,87,210,0.0,,,,,,,,,,,,1137,282
42975.661342,1804.601462,223,87,210,0.0,,,,,,,,,,,,1137,282
43035.69371,1804.601462,223,87,210,0.0,,,,,,,,,,,,1137,282
43095.714398,1804.601462,223,87,210,0.0,,,,,,,,,,,,1137,282
43155.743765,1804.601462,223,87,210,0.0,,,,,,,,,,,,1137,282
43215.771549,1804.601462,223,87,210,0.0,,,,,,,,,,,,1137,282
43275.799809,1804.601462,223,87,210,0.0,,,,,,,,,,,,1137,282
43335.812847,1804.601462,223,87,210,0.0,,,,,,,,,,,,1137,282
43395.82857,1804.601462,223,87,210,0.0,,,,,,,,,,,,1137,282
43455.844529,1804.601462,223,87,210,0.0,,,,,,,,,,,,1137,282
43515.866677,1804.601462,223,87,210,0.0,,,,,,,,,,,,1137,282
43575.887609,1804.601462,223,87,210,0.0,,,,,,,,,,,,1137,282
43635.907575,1804.601462,223,87,210,0.0,,,,,,,,,,,,1137,282
43695.943413,1804.601462,223,87,210,0.0,,,,,,,,,,,,1137,282
43755.959481,1804.601462,223,87,210,0.0,,,,,,,,,,,,1137,282
43815.98343,1804.601462,223,87,210,0.0,,,,,,,,,,,,1137,282
43876.006147,1804.601462,223,87,210,0.0,,,,,,,,,,,,1137,282
43936.042924,1804.601462,223,87,210,0.0,,,,,,,,,,,,1137,282
43996.055232,1804.601462,223,87,210,0.0,,,,,,,,,,,,1137,282
44056.071092,1804.601462,223,87,210,0.0,,,,,,,,,,,,1137,282
44116.090639,1804.601462,223,87,210,0.0,,,,,,,,,,,,1137,282
44176.115844,1804.601462,223,87,210,0.0,,,,,,,,,,,,1137,282
44236.136573,1804.601462,223,87,210,0.0,,,,,,,,,,,,1137,282
44296.166657,1804.601462,223,87,210,0.0,,,,,,,,,,,,1137,282
44356.192278,1804.601462,223,87,210,0.0,,,,,,,,,,,,1137,282
44416.210459,1804.601462,223,87,210,0.0,,,,,,,,,,,,1137,282
44476.236029,1804.601462,223,87,210,0.0,,,,,,,,,,,,1137,282
44536.251419,1804.601462,223,87,210,0.0,,,,,,,,,,,,1137,282
44596.276256,1804.601462,223,87,210,0.0,,,,,,,,,,,,1137,282
44656.299272,1804.601462,223,87,210,0.0,,,,,,,,,,,,1137,282
44716.324016,1804.601462,223,87,210,0.0,,,,,,,,,,,,1137,282
44776.349759,1804.601462,223,87,210,0.0,,,,,,,,,,,,1137,282
44836.374383,1804.601462,223,87,210,0.0,,,,,,,,,,,,1137,282
44896.399992,1804.601462,223,87,210,0.0,,,,,,,,,,,,1137,282
44956.431828,1804.601462,223,87,210,0.0,,,,,,,,,,,,1137,282
45016.458615,1804.601462,223,87,210,0.0,,,,,,,,,,,,1137,282
45076.479951,1804.601462,223,87,210,0.0,,,,,,,,,,,,1137,282
45136.499386,1804.601462,223,87,210,0.0,,,,,,,,,,,,1137,282
45196.533651,1804.601462,223,87,210,0.0,,,,,,,,,,,,1137,282
45256.555744,1804.601462,223,87,210,0.0,,,,,,,,,,,,1137,282
45316.574423,1804.601462,223,87,210,0.0,,,,,,,,,,,,1137,282
45376.6036,1804.601462,223,87,210,0.0,,,,,,,,,,,,1137,282
45436.619498,1804.601462,223,87,210,0.0,,,,,,,,,,,,1137,282
45496.630539,1804.601462,223,87,210,0.0,,,,,,,,,,,,1137,282
45556.669718,1804.601462,223,87,210,0.0,,,,,,,,,,,,1137,282
45616.682827,1804.601462,223,87,210,0.0,,,,,,,,,,,,1137,282
45676.702599,1804.601462,223,87,210,0.0,,,,,,,,,,,,1137,282
45736.731414,1804.601462,223,87,210,0.0,,,,,,,,,,,,1137,282
45796.746203,1804.601462,223,87,210,0.0,,,,,,,,,,,,1137,282
45856.770338,1804.601462,223,87,210,0.0,,,,,,,,,,,,1137,282
45916.78184,1804.601462,223,87,210,0.0,,,,,,,,,,,,1137,282
45976.807188,1804.601462,223,87,210,0.0,,,,,,,,,,,,1137,282
46036.831039,1804.601462,223,87,210,0.0,,,,,,,,,,,,1137,282
46096.850037,1804.601462,223,87,210,0.0,,,,,,,,,,,,1137,282
46156.863558,1804.601462,223,87,210,0.0,,,,,,,,,,,,1137,282
46216.891641,1804.601462,223,87,210,0.0,,,,,,,,,,,,1137,282
46276.908985,1804.601462,223,87,210,0.0,,,,,,,,,,,,1137,282
46336.930353,1804.601462,223,87,210,0.0,,,,,,,,,,,,1137,282
46396.95665,1804.601462,223,87,210,0.0,,,,,,,,,,,,1137,282
46456.980366,1804.601462,223,87,210,0.0,,,,,,,,,,,,1137,282
46517.007225,1804.601462,223,87,210,0.0,,,,,,,,,,,,1137,282
46577.023446,1804.601462,223,87,210,0.0,,,,,,,,,,,,1137,282
46637.053107,1804.601462,223,87,210,0.0,,,,,,,,,,,,1137,282
46697.065282,1804.601462,223,87,210,0.0,,,,,,,,,,,,1137,282
46757.077935,1804.601462,223,87,210,0.0,,,,,,,,,,,,1137,282
46817.096851,1804.601462,223,87,210,0.0,,,,,,,,,,,,1137,282
46877.122078,1804.601462,223,87,210,0.0,,,,,,,,,,,,1137,282
46937.147731,1804.601462,223,87,210,0.0,,,,,,,,,,,,1137,282
46997.165189,1804.601462,223,87,210,0.0,,,,,,,,,,,,1137,282
47057.177142,1804.601462,223,87,210,0.0,,,,,,,,,,,,1137,282
47117.198583,1804.601462,223,87,210,0.0,,,,,,,,,,,,1137,282
47177.214827,1804.601462,223,87,210,0.0,,,,,,,,,,,,1137,282
47237.231742,1804.601462,223,87,210,0.0,,,,,,,,,,,,1137,282
47297.255296,1804.601462,223,87,210,0.0,,,,,,,,,,,,1137,282
47357.276415,1804.601462,223,87,210,0.0,,,,,,,,,,,,1137,282
47417.298102,1804.601462,223,87,210,0.0,,,,,,,,,,,,1137,282
47477.330428,1804.601462,223,87,210,0.0,,,,,,,,,,,,1137,282
47537.345467,1804.601462,223,87,210,0.0,,,,,,,,,,,,1137,282
47597.362403,1804.601462,223,87,210,0.0,,,,,,,,,,,,1137,282
47657.387001,1804.601462,223,87,210,0.0,,,,,,,,,,,,1137,282
47717.398611,1804.601462,223,87,210,0.0,,,,,,,,,,,,1137,282
47777.420427,1804.601462,223,87,210,0.0,,,,,,,,,,,,1137,282
47837.448464,1804.601462,223,87,210,0.0,,,,,,,,,,,,1137,282
47897.46938,1804.601462,223,87,210,0.0,,,,,,,,,,,,1137,282
47957.494286,1804.601462,223,87,210,0.0,,,,,,,,,,,,1137,282
48017.516501,1804.601462,223,87,210,0.0,,,,,,,,,,,,1137,282
48077.543275,1804.601462,223,87,210,0.0,,,,,,,,,,,,1137,282
48137.564442,1804.601462,223,87,210,0.0,,,,,,,,,,,,1137,282
48197.590284,1804.601462,223,87,210,0.0,,,,,,,,,,,,1137,282
48257.608676,1804.601462,223,87,210,0.0,,,,,,,,,,,,1137,282
48317.635115,1804.601462,223,87,210,0.0,,,,,,,,,,,,1137,282
48377.643758,1804.601462,223,87,210,0.0,,,,,,,,,,,,1137,282
48437.663243,1804.601462,223,87,210,0.0,,,,,,,,,,,,1137,282
48497.683215,1804.601462,223,87,210,0.0,,,,,,,,,,,,1137,282
48557.694529,1804.601462,223,87,210,0.0,,,,,,,,,,,,1137,282
48617.716266,1804.601462,223,87,210,0.0,,,,,,,,,,,,1137,282
48677.739124,1804.601462,223,87,210,0.0,,,,,,,,,,,,1137,282
48737.761687,1804.601462,223,87,210,0.0,,,,,,,,,,,,1137,282
48797.782964,1804.601462,223,87,210,0.0,,,,,,,,,,,,1137,282
48857.80067,1804.601462,223,87,210,0.0,,,,,,,,,,,,1137,282
48917.818929,1804.601462,223,87,210,0.0,,,,,,,,,,,,1137,282
48977.839855,1804.601462,223,87,210,0.0,,,,,,,,,,,,1137,282
49037.863646,1804.601462,223,87,210,0.0,,,,,,,,,,,,1137,282
49097.889807,1804.601462,223,87,210,0.0,,,,,,,,,,,,1137,282
49157.917005,1804.601462,223,87,210,0.0,,,,,,,,,,,,1137,282
49217.939854,1804.601462,223,87,210,0.0,,,,,,,,,,,,1137,282
49277.972429,1804.601462,223,87,210,0.0,,,,,,,,,,,,1137,282
49337.996348,1804.601462,223,87,210,0.0,,,,,,,,,,,,1137,282
49398.022166,1804.601462,223,87,210,0.0,,,,,,,,,,,,1137,282
49458.045929,1804.601462,223,87,210,0.0,,,,,,,,,,,,1137,282
49518.069805,1804.601462,223,87,210,0.0,,,,,,,,,,,,1137,282
49578.09616,1804.601462,223,87,210,0.0,,,,,,,,,,,,1137,282
49638.113483,1804.601462,223,87,210,0.0,,,,,,,,,,,,1137,282
49698.144029,1804.601462,223,87,210,0.0,,,,,,,,,,,,1137,282
49758.161252,1804.601462,223,87,210,0.0,,,,,,,,,,,,1137,282
49818.186267,1804.601462,223,87,210,0.0,,,,,,,,,,,,1137,282
49878.204256,1804.601462,223,87,210,0.0,,,,,,,,,,,,1137,282
49938.228671,1804.601462,223,87,210,0.0,,,,,,,,,,,,1137,282
49998.261185,1804.601462,223,87,210,0.0,,,,,,,,,,,,1137,282
50058.284982,1804.601462,223,87,210,0.0,,,,,,,,,,,,1137,282
50118.308451,1804.601462,223,87,210,0.0,,,,,,,,,,,,1137,282
50178.346518,1804.601462,223,87,210,0.0,,,,,,,,,,,,1137,282
50238.366466,1804.601462,223,87,210,0.0,,,,,,,,,,,,1137,282
50298.381307,1804.601462,223,87,210,0.0,,,,,,,,,,,,1137,282
50358.399526,1804.601462,223,87,210,0.0,,,,,,,,,,,,1137,282
50418.422237,1804.601462,223,87,210,0.0,,,,,,,,,,,,1137,282
50478.442811,1804.601462,223,87,210,0.0,,,,,,,,,,,,1137,282
50538.464011,1804.601462,223,87,210,0.0,,,,,,,,,,,,1137,282
50598.495724,1804.601462,223,87,210,0.0,,,,,,,,,,,,1137,282
50658.517889,1804.601462,223,87,210,0.0,,,,,,,,,,,,1137,282
50718.545824,1804.601462,223,87,210,0.0,,,,,,,,,,,,1137,282
50778.564437,1804.601462,223,87,210,0.0,,,,,,,,,,,,1137,282
50838.581552,1804.601462,223,87,210,0.0,,,,,,,,,,,,1137,282
50898.59677,1804.601462,223,87,210,0.0,,,,,,,,,,,,1137,282
50958.614592,1804.601462,223,87,210,0.0,,,,,,,,,,,,1137,282
51018.64336,1804.601462,223,87,210,0.0,,,,,,,,,,,,1137,282
51078.670219,1804.601462,223,87,210,0.0,,,,,,,,,,,,1137,282
51138.683663,1804.601462,223,87,210,0.0,,,,,,,,,,,,1137,282
51198.707584,1804.601462,223,87,210,0.0,,,,,,,,,,,,1137,282
51258.722904,1804.601462,223,87,210,0.0,,,,,,,,,,,,1137,282
51318.743145,1804.601462,223,87,210,0.0,,,,,,,,,,,,1137,282
51378.763637,1804.601462,223,87,210,0.0,,,,,,,,,,,,1137,282
51438.785025,1804.601462,223,87,210,0.0,,,,,,,,,,,,1137,282
51498.806976,1804.601462,223,87,210,0.0,,,,,,,,,,,,1137,282
51558.830793,1804.601462,223,87,210,0.0,,,,,,,,,,,,1137,282
51618.855107,1804.601462,223,87,210,0.0,,,,,,,,,,,,1137,282
51678.870452,1804.601462,223,87,210,0.0,,,,,,,,,,,,1137,282
51738.904627,1804.601462,223,87,210,0.0,,,,,,,,,,,,1137,282
51798.925745,1804.601462,223,87,210,0.0,,,,,,,,,,,,1137,282
51858.942602,1804.601462,223,87,210,0.0,,,,,,,,,,,,1137,282
51918.962057,1804.601462,223,87,210,0.0,,,,,,,,,,,,1137,282
51978.983628,1804.601462,223,87,210,0.0,,,,,,,,,,,,1137,282
52038.999095,1804.601462,223,87,210,0.0,,,,,,,,,,,,1137,282
52099.023714,1804.601462,223,87,210,0.0,,,,,,,,,,,,1137,282
52159.049122,1804.601462,223,87,210,0.0,,,,,,,,,,,,1137,282
52219.070938,1804.601462,223,87,210,0.0,,,,,,,,,,,,1137,282
52279.100011,1804.601462,223,87,210,0.0,,,,,,,,,,,,1137,282
52339.127321,1804.601462,223,87,210,0.0,,,,,,,,,,,,1137,282
52399.143001,1804.601462,223,87,210,0.0,,,,,,,,,,,,1137,282
52459.161946,1804.601462,223,87,210,0.0,,,,,,,,,,,,1137,282
52519.17782,1804.601462,223,87,210,0.0,,,,,,,,,,,,1137,282
52579.21172,1804.601462,223,87,210,0.0,,,,,,,,,,,,1137,282
52639.231421,1804.601462,223,87,210,0.0,,,,,,,,,,,,1137,282
52699.260673,1804.601462,223,87,210,0.0,,,,,,,,,,,,1137,282
52759.276815,1804.601462,223,87,210,0.0,,,,,,,,,,,,1137,282
52819.294962,1804.601462,223,87,210,0.0,,,,,,,,,,,,1137,282
52879.315385,1804.601462,223,87,210,0.0,,,,,,,,,,,,1137,282
52939.34155,1804.601462,223,87,210,0.0,,,,,,,,,,,,1137,282
52999.354577,1804.601462,223,87,210,0.0,,,,,,,,,,,,1137,282
53059.371,1804.601462,223,87,210,0.0,,,,,,,,,,,,1137,282
53119.394333,1804.601462,223,87,210,0.0,,,,,,,,,,,,1137,282
53179.41563,1804.601462,223,87,210,0.0,,,,,,,,,,,,1137,282
53239.441459,1804.601462,223,87,210,0.0,,,,,,,,,,,,1137,282
53299.457171,1804.601462,223,87,210,0.0,,,,,,,,,,,,1137,282
53359.475576,1804.601462,223,87,210,0.0,,,,,,,,,,,,1137,282
53419.492023,1804.601462,223,87,210,0.0,,,,,,,,,,,,1137,282
53479.631735,1804.601462,223,87,210,0.0,,,,,,,,,,,,1137,282
53539.548654,1804.601462,223,87,210,0.0,,,,,,,,,,,,1137,282
53599.574465,1804.601462,223,87,210,0.0,,,,,,,,,,,,1137,282
53659.606289,1804.601462,223,87,210,0.0,,,,,,,,,,,,1137,282
53719.632152,1804.601462,223,87,210,0.0,,,,,,,,,,,,1137,282
53779.65329,1804.601462,223,87,210,0.0,,,,,,,,,,,,1137,282
53839.67462,1804.601462,223,87,210,0.0,,,,,,,,,,,,1137,282
53899.705247,1804.601462,223,87,210,0.0,,,,,,,,,,,,1137,282
53959.730513,1804.601462,223,87,210,0.0,,,,,,,,,,,,1137,282
54019.751056,1804.601462,223,87,210,0.0,,,,,,,,,,,,1137,282
54079.767665,1804.601462,223,87,210,0.0,,,,,,,,,,,,1137,282
54139.790002,1804.601462,223,87,210,0.0,,,,,,,,,,,,1137,282
54199.821437,1804.601462,223,87,210,0.0,,,,,,,,,,,,1137,282
54259.835757,1804.601462,223,87,210,0.0,,,,,,,,,,,,1137,282
54319.853103,1804.601462,223,87,210,0.0,,,,,,,,,,,,1137,282
54379.873013,1804.601462,223,87,210,0.0,,,,,,,,,,,,1137,282
54439.902889,1804.601462,223,87,210,0.0,,,,,,,,,,,,1137,282
54499.927121,1804.601462,223,87,210,0.0,,,,,,,,,,,,1137,282
54559.943308,1804.601462,223,87,210,0.0,,,,,,,,,,,,1137,282
54619.971372,1804.601462,223,87,210,0.0,,,,,,,,,,,,1137,282
54679.990416,1804.601462,223,87,210,0.0,,,,,,,,,,,,1137,282
54740.019958,1804.601462,223,87,210,0.0,,,,,,,,,,,,1137,282
54800.044082,1804.601462,223,87,210,0.0,,,,,,,,,,,,1137,282
54860.065155,1804.601462,223,87,210,0.0,,,,,,,,,,,,1137,282
54920.099422,1804.601462,223,87,210,0.0,,,,,,,,,,,,1137,282
54980.120714,1804.601462,223,87,210,0.0,,,,,,,,,,,,1137,282
55040.151196,1804.601462,223,87,210,0.0,,,,,,,,,,,,1137,282
55100.179444,1804.601462,223,87,210,0.0,,,,,,,,,,,,1137,282
55160.199444,1804.601462,223,87,210,0.0,,,,,,,,,,,,1137,282
55220.213764,1804.601462,223,87,210,0.0,,,,,,,,,,,,1137,282
55280.234216,1804.601462,223,87,210,0.0,,,,,,,,,,,,1137,282
55340.24715,1804.601462,223,87,210,0.0,,,,,,,,,,,,1137,282
55400.271858,1804.601462,223,87,210,0.0,,,,,,,,,,,,1137,282
55460.301546,1804.601462,223,87,210,0.0,,,,,,,,,,,,1137,282
55520.315048,1804.601462,223,87,210,0.0,,,,,,,,,,,,1137,282
55580.328699,1804.601462,223,87,210,0.0,,,,,,,,,,,,1137,282
55640.342534,1804.601462,223,87,210,0.0,,,,,,,,,,,,1137,282
55700.366578,1804.601462,223,87,210,0.0,,,,,,,,,,,,1137,282
55760.386307,1804.601462,223,87,210,0.0,,,,,,,,,,,,1137,282
55820.405619,1804.601462,223,87,210,0.0,,,,,,,,,,,,1137,282
55880.43158,1804.601462,223,87,210,0.0,,,,,,,,,,,,1137,282
55940.458903,1804.601462,223,87,210,0.0,,,,,,,,,,,,1137,282
56000.472335,1804.601462,223,87,210,0.0,,,,,,,,,,,,1137,282
56060.496108,1804.601462,223,87,210,0.0,,,,,,,,,,,,1137,282
56120.508646,1804.601462,223,87,210,0.0,,,,,,,,,,,,1137,282
56180.523956,1804.601462,223,87,210,0.0,,,,,,,,,,,,1137,282
56240.557484,1804.601462,223,87,210,0.0,,,,,,,,,,,,1137,282
56300.576105,1804.601462,223,87,210,0.0,,,,,,,,,,,,1137,282
56360.600776,1804.601462,223,87,210,0.0,,,,,,,,,,,,1137,282
56420.61413,1804.601462,223,87,210,0.0,,,,,,,,,,,,1137,282
56480.631465,1804.601462,223,87,210,0.0,,,,,,,,,,,,1137,282
56540.650646,1804.601462,223,87,210,0.0,,,,,,,,,,,,1137,282
56600.672407,1804.601462,223,87,210,0.0,,,,,,,,,,,,1137,282
56660.697991,1804.601462,223,87,210,0.0,,,,,,,,,,,,1137,282
56720.720207,1804.601462,223,87,210,0.0,,,,,,,,,,,,1137,282
56780.747473,1804.601462,223,87,210,0.0,,,,,,,,,,,,1137,282
56840.772999,1804.601462,223,87,210,0.0,,,,,,,,,,,,1137,282
56900.783303,1804.601462,223,87,210,0.0,,,,,,,,,,,,1137,282
56960.821428,1804.601462,223,87,210,0.0,,,,,,,,,,,,1137,282
57020.841347,1804.601462,223,87,210,0.0,,,,,,,,,,,,1137,282
57080.857944,1804.601462,223,87,210,0.0,,,,,,,,,,,,1137,282
57140.877315,1804.601462,223,87,210,0.0,,,,,,,,,,,,1137,282
57200.8967,1804.601462,223,87,210,0.0,,,,,,,,,,,,1137,282
57260.922246,1804.601462,223,87,210,0.0,,,,,,,,,,,,1137,282
57320.937959,1804.601462,223,87,210,0.0,,,,,,,,,,,,1137,282
57380.968122,1804.601462,223,87,210,0.0,,,,,,,,,,,,1137,282
57440.990141,1804.601462,223,87,210,0.0,,,,,,,,,,,,1137,282
57501.011619,1804.601462,223,87,210,0.0,,,,,,,,,,,,1137,282
57561.043674,1804.601462,223,87,210,0.0,,,,,,,,,,,,1137,282
57621.057437,1804.601462,223,87,210,0.0,,,,,,,,,,,,1137,282
57681.081634,1804.601462,223,87,210,0.0,,,,,,,,,,,,1137,282
57741.096253,1804.601462,223,87,210,0.0,,,,,,,,,,,,1137,282
57801.116085,1804.601462,223,87,210,0.0,,,,,,,,,,,,1137,282
57861.136868,1804.601462,223,87,210,0.0,,,,,,,,,,,,1137,282
57921.161021,1804.601462,223,87,210,0.0,,,,,,,,,,,,1137,282
57981.184207,1804.601462,223,87,210,0.0,,,,,,,,,,,,1137,282
58041.204861,1804.601462,223,87,210,0.0,,,,,,,,,,,,1137,282
58101.216923,1804.601462,223,87,210,0.0,,,,,,,,,,,,1137,282
58161.24001,1804.601462,223,87,210,0.0,,,,,,,,,,,,1137,282
58221.260848,1804.601462,223,87,210,0.0,,,,,,,,,,,,1137,282
58281.288574,1804.601462,223,87,210,0.0,,,,,,,,,,,,1137,282
58341.315777,1804.601462,223,87,210,0.0,,,,,,,,,,,,1137,282
58401.33406,1804.601462,223,87,210,0.0,,,,,,,,,,,,1137,282
58461.350635,1804.601462,223,87,210,0.0,,,,,,,,,,,,1137,282
58521.366806,1804.601462,223,87,210,0.0,,,,,,,,,,,,1137,282
58581.390012,1804.601462,223,87,210,0.0,,,,,,,,,,,,1137,282
58641.410889,1804.601462,223,87,210,0.0,,,,,,,,,,,,1137,282
58701.438343,1804.601462,223,87,210,0.0,,,,,,,,,,,,1137,282
58761.460837,1804.601462,223,87,210,0.0,,,,,,,,,,,,1137,282
58821.488545,1804.601462,223,87,210,0.0,,,,,,,,,,,,1137,282
58881.514013,1804.601462,223,87,210,0.0,,,,,,,,,,,,1137,282
58941.550016,1804.601462,223,87,210,0.0,,,,,,,,,,,,1137,282
59001.572503,1804.601462,223,87,210,0.0,,,,,,,,,,,,1137,282
59061.591688,1804.601462,223,87,210,0.0,,,,,,,,,,,,1137,282
59121.621924,1804.601462,223,87,210,0.0,,,,,,,,,,,,1137,282
59181.645873,1804.601462,223,87,210,0.0,,,,,,,,,,,,1137,282
59241.663526,1804.601462,223,87,210,0.0,,,,,,,,,,,,1137,282
59301.680795,1804.601462,223,87,210,0.0,,,,,,,,,,,,1137,282
59361.698691,1804.601462,223,87,210,0.0,,,,,,,,,,,,1137,282
59421.723705,1804.601462,223,87,210,0.0,,,,,,,,,,,,1137,282
59481.758342,1804.601462,223,87,210,0.0,,,,,,,,,,,,1137,282
59541.787655,1804.601462,223,87,210,0.0,,,,,,,,,,,,1137,282
59601.80268,1804.601462,223,87,210,0.0,,,,,,,,,,,,1137,282
59661.819431,1804.601462,223,87,210,0.0,,,,,,,,,,,,1137,282
59721.843275,1804.601462,223,87,210,0.0,,,,,,,,,,,,1137,282
59781.865038,1804.601462,223,87,210,0.0,,,,,,,,,,,,1137,282
59841.890305,1804.601462,223,87,210,0.0,,,,,,,,,,,,1137,282
59901.908515,1804.601462,223,87,210,0.0,,,,,,,,,,,,1137,282
59961.930871,1804.601462,223,87,210,0.0,,,,,,,,,,,,1137,282
60021.954077,1804.601462,223,87,210,0.0,,,,,,,,,,,,1137,282
60081.980583,1804.601462,223,87,210,0.0,,,,,,,,,,,,1137,282
60142.005322,1804.601462,223,87,210,0.0,,,,,,,,,,,,1137,282
60202.023373,1804.601462,223,87,210,0.0,,,,,,,,,,,,1137,282
60262.040265,1804.601462,223,87,210,0.0,,,,,,,,,,,,1137,282
60322.082025,1804.601462,223,87,210,0.0,,,,,,,,,,,,1137,282
60382.101964,1804.601462,223,87,210,0.0,,,,,,,,,,,,1137,282
60442.137684,1804.601462,223,87,210,0.0,,,,,,,,,,,,1137,282
60502.147513,1804.601462,223,87,210,0.0,,,,,,,,,,,,1137,282
60562.164879,1804.601462,223,87,210,0.0,,,,,,,,,,,,1137,282
60622.180483,1804.601462,223,87,210,0.0,,,,,,,,,,,,1137,282
60682.205889,1804.601462,223,87,210,0.0,,,,,,,,,,,,1137,282
60742.228675,1804.601462,223,87,210,0.0,,,,,,,,,,,,1137,282
60802.245622,1804.601462,223,87,210,0.0,,,,,,,,,,,,1137,282
60862.261651,1804.601462,223,87,210,0.0,,,,,,,,,,,,1137,282
60922.281221,1804.601462,223,87,210,0.0,,,,,,,,,,,,1137,282
60982.297693,1804.601462,223,87,210,0.0,,,,,,,,,,,,1137,282
61042.31236,1804.601462,223,87,210,0.0,,,,,,,,,,,,1137,282
61102.331713,1804.601462,223,87,210,0.0,,,,,,,,,,,,1137,282
61162.359763,1804.601462,223,87,210,0.0,,,,,,,,,,,,1137,282
61222.394619,1804.601462,223,87,210,0.0,,,,,,,,,,,,1137,282
61282.409887,1804.601462,223,87,210,0.0,,,,,,,,,,,,1137,282
61342.443246,1804.601462,223,87,210,0.0,,,,,,,,,,,,1137,282
61402.461984,1804.601462,223,87,210,0.0,,,,,,,,,,,,1137,282
61462.483986,1804.601462,223,87,210,0.0,,,,,,,,,,,,1137,282
61522.516838,1804.601462,223,87,210,0.0,,,,,,,,,,,,1137,282
61582.531668,1804.601462,223,87,210,0.0,,,,,,,,,,,,1137,282
61642.560285,1804.601462,223,87,210,0.0,,,,,,,,,,,,1137,282
61702.576398,1804.601462,223,87,210,0.0,,,,,,,,,,,,1137,282
61762.601355,1804.601462,223,87,210,0.0,,,,,,,,,,,,1137,282
61822.629276,1804.601462,223,87,210,0.0,,,,,,,,,,,,1137,282
61882.643503,1804.601462,223,87,210,0.0,,,,,,,,,,,,1137,282
61942.665723,1804.601462,223,87,210,0.0,,,,,,,,,,,,1137,282
62002.679609,1804.601462,223,87,210,0.0,,,,,,,,,,,,1137,282
62062.701659,1804.601462,223,87,210,0.0,,,,,,,,,,,,1137,282
62122.719731,1804.601462,223,87,210,0.0,,,,,,,,,,,,1137,282
62182.736088,1804.601462,223,87,210,0.0,,,,,,,,,,,,1137,282
62242.752599,1804.601462,223,87,210,0.0,,,,,,,,,,,,1137,282
62302.774773,1804.601462,223,87,210,0.0,,,,,,,,,,,,1137,282
62362.798532,1804.601462,223,87,210,0.0,,,,,,,,,,,,1137,282
62422.821471,1804.601462,223,87,210,0.0,,,,,,,,,,,,1137,282
62482.846035,1804.601462,223,87,210,0.0,,,,,,,,,,,,1137,282
62542.861876,1804.601462,223,87,210,0.0,,,,,,,,,,,,1137,282
62602.87823,1804.601462,223,87,210,0.0,,,,,,,,,,,,1137,282
62662.895866,1804.601462,223,87,210,0.0,,,,,,,,,,,,1137,282
62722.922248,1804.601462,223,87,210,0.0,,,,,,,,,,,,1137,282
62782.947501,1804.601462,223,87,210,0.0,,,,,,,,,,,,1137,282
62842.969235,1804.601462,223,87,210,0.0,,,,,,,,,,,,1137,282
62902.990516,1804.601462,223,87,210,0.0,,,,,,,,,,,,1137,282
62963.011438,1804.601462,223,87,210,0.0,,,,,,,,,,,,1137,282
63023.031542,1804.601462,223,87,210,0.0,,,,,,,,,,,,1137,282
63083.051128,1804.601462,223,87,210,0.0,,,,,,,,,,,,1137,282
63143.072048,1804.601462,223,87,210,0.0,,,,,,,,,,,,1137,282
63203.091548,1804.601462,223,87,210,0.0,,,,,,,,,,,,1137,282
63263.119805,1804.601462,223,87,210,0.0,,,,,,,,,,,,1137,282
63323.137594,1804.601462,223,87,210,0.0,,,,,,,,,,,,1137,282
63383.162142,1804.601462,223,87,210,0.0,,,,,,,,,,,,1137,282
63443.191406,1804.601462,223,87,210,0.0,,,,,,,,,,,,1137,282
63503.213376,1804.601462,223,87,210,0.0,,,,,,,,,,,,1137,282
63563.235575,1804.601462,223,87,210,0.0,,,,,,,,,,,,1137,282
63623.257869,1804.601462,223,87,210,0.0,,,,,,,,,,,,1137,282
63683.276458,1804.601462,223,87,210,0.0,,,,,,,,,,,,1137,282
63743.296776,1804.601462,223,87,210,0.0,,,,,,,,,,,,1137,282
63803.328291,1804.601462,223,87,210,0.0,,,,,,,,,,,,1137,282
63863.352722,1804.601462,223,87,210,0.0,,,,,,,,,,,,1137,282
63923.377914,1804.601462,223,87,210,0.0,,,,,,,,,,,,1137,282
63983.409579,1804.601462,223,87,210,0.0,,,,,,,,,,,,1137,282
64043.421743,1804.601462,223,87,210,0.0,,,,,,,,,,,,1137,282
64103.453555,1804.601462,223,87,210,0.0,,,,,,,,,,,,1137,282
64163.47208,1804.601462,223,87,210,0.0,,,,,,,,,,,,1137,282
64223.506337,1804.601462,223,87,210,0.0,,,,,,,,,,,,1137,282
64283.537828,1804.601462,223,87,210,0.0,,,,,,,,,,,,1137,282
64343.54961,1804.601462,223,87,210,0.0,,,,,,,,,,,,1137,282
64403.565195,1804.601462,223,87,210,0.0,,,,,,,,,,,,1137,282
64463.586881,1804.601462,223,87,210,0.0,,,,,,,,,,,,1137,282
64523.613152,1804.601462,223,87,210,0.0,,,,,,,,,,,,1137,282
64583.635204,1804.601462,223,87,210,0.0,,,,,,,,,,,,1137,282
64643.657585,1804.601462,223,87,210,0.0,,,,,,,,,,,,1137,282
64703.684365,1804.601462,223,87,210,0.0,,,,,,,,,,,,1137,282
64763.710394,1804.601462,223,87,210,0.0,,,,,,,,,,,,1137,282
64823.727036,1804.601462,223,87,210,0.0,,,,,,,,,,,,1137,282
64883.748535,1804.601462,223,87,210,0.0,,,,,,,,,,,,1137,282
64943.77407,1804.601462,223,87,210,0.0,,,,,,,,,,,,1137,282
65003.793526,1804.601462,223,87,210,0.0,,,,,,,,,,,,1137,282
65063.815013,1804.601462,223,87,210,0.0,,,,,,,,,,,,1137,282
65123.827961,1804.601462,223,87,210,0.0,,,,,,,,,,,,1137,282
65183.845463,1804.601462,223,87,210,0.0,,,,,,,,,,,,1137,282
65243.863171,1804.601462,223,87,210,0.0,,,,,,,,,,,,1137,282
65303.891021,1804.601462,223,87,210,0.0,,,,,,,,,,,,1137,282
65363.914774,1804.601462,223,87,210,0.0,,,,,,,,,,,,1137,282
65423.93879,1804.601462,223,87,210,0.0,,,,,,,,,,,,1137,282
65483.963291,1804.601462,223,87,210,0.0,,,,,,,,,,,,1137,282
65543.973425,1804.601462,223,87,210,0.0,,,,,,,,,,,,1137,282
65603.9987,1804.601462,223,87,210,0.0,,,,,,,,,,,,1137,282
65664.017953,1804.601462,223,87,210,0.0,,,,,,,,,,,,1137,282
65724.038232,1804.601462,223,87,210,0.0,,,,,,,,,,,,1137,282
65784.055982,1804.601462,223,87,210,0.0,,,,,,,,,,,,1137,282
65844.080209,1804.601462,223,87,210,0.0,,,,,,,,,,,,1137,282
65904.105361,1804.601462,223,87,210,0.0,,,,,,,,,,,,1137,282
65964.132504,1804.601462,223,87,210,0.0,,,,,,,,,,,,1137,282
66024.152667,1804.601462,223,87,210,0.0,,,,,,,,,,,,1137,282
66084.17137,1804.601462,223,87,210,0.0,,,,,,,,,,,,1137,282
66144.189737,1804.601462,223,87,210,0.0,,,,,,,,,,,,1137,282
66204.222998,1804.601462,223,87,210,0.0,,,,,,,,,,,,1137,282
66264.243481,1804.601462,223,87,210,0.0,,,,,,,,,,,,1137,282
66324.262787,1804.601462,223,87,210,0.0,,,,,,,,,,,,1137,282
66384.284274,1804.601462,223,87,210,0.0,,,,,,,,,,,,1137,282
66444.304578,1804.601462,223,87,210,0.0,,,,,,,,,,,,1137,282
66504.323609,1804.601462,223,87,210,0.0,,,,,,,,,,,,1137,282
66564.344836,1804.601462,223,87,210,0.0,,,,,,,,,,,,1137,282
66624.360352,1804.601462,223,87,210,0.0,,,,,,,,,,,,1137,282
66684.373275,1804.601462,223,87,210,0.0,,,,,,,,,,,,1137,282
66744.386522,1804.601462,223,87,210,0.0,,,,,,,,,,,,1137,282
66804.41276,1804.601462,223,87,210,0.0,,,,,,,,,,,,1137,282
66864.433964,1804.601462,223,87,210,0.0,,,,,,,,,,,,1137,282
66924.453414,1804.601462,223,87,210,0.0,,,,,,,,,,,,1137,282
66984.482484,1804.601462,223,87,210,0.0,,,,,,,,,,,,1137,282
67044.503298,1804.601462,223,87,210,0.0,,,,,,,,,,,,1137,282
67104.515717,1804.601462,223,87,210,0.0,,,,,,,,,,,,1137,282
67164.536734,1804.601462,223,87,210,0.0,,,,,,,,,,,,1137,282
67224.559655,1804.601462,223,87,210,0.0,,,,,,,,,,,,1137,282
67284.574466,1804.601462,223,87,210,0.0,,,,,,,,,,,,1137,282
67344.606158,1804.601462,223,87,210,0.0,,,,,,,,,,,,1137,282
67404.637245,1804.601462,223,87,210,0.0,,,,,,,,,,,,1137,282
67464.654379,1804.601462,223,87,210,0.0,,,,,,,,,,,,1137,282
67524.672034,1804.601462,223,87,210,0.0,,,,,,,,,,,,1137,282
67584.694704,1804.601462,223,87,210,0.0,,,,,,,,,,,,1137,282
67644.706331,1804.601462,223,87,210,0.0,,,,,,,,,,,,1137,282
67704.718425,1804.601462,223,87,210,0.0,,,,,,,,,,,,1137,282
67764.745484,1804.601462,223,87,210,0.0,,,,,,,,,,,,1137,282
67824.775765,1804.601462,223,87,210,0.0,,,,,,,,,,,,1137,282
67884.792618,1804.601462,223,87,210,0.0,,,,,,,,,,,,1137,282
67944.812865,1804.601462,223,87,210,0.0,,,,,,,,,,,,1137,282
68004.832647,1804.601462,223,87,210,0.0,,,,,,,,,,,,1137,282
68064.854915,1804.601462,223,87,210,0.0,,,,,,,,,,,,1137,282
68124.867296,1804.601462,223,87,210,0.0,,,,,,,,,,,,1137,282
68184.886378,1804.601462,223,87,210,0.0,,,,,,,,,,,,1137,282
68244.904189,1804.601462,223,87,210,0.0,,,,,,,,,,,,1137,282
68304.922868,1804.601462,223,87,210,0.0,,,,,,,,,,,,1137,282
68364.930994,1804.601462,223,87,210,0.0,,,,,,,,,,,,1137,282
68424.955439,1804.601462,223,87,210,0.0,,,,,,,,,,,,1137,282
68484.977833,1804.601462,223,87,210,0.0,,,,,,,,,,,,1137,282
68545.007241,1804.601462,223,87,210,0.0,,,,,,,,,,,,1137,282
68605.031539,1804.601462,223,87,210,0.0,,,,,,,,,,,,1137,282
68665.054435,1804.601462,223,87,210,0.0,,,,,,,,,,,,1137,282
68725.076502,1804.601462,223,87,210,0.0,,,,,,,,,,,,1137,282
68785.09495,1804.601462,223,87,210,0.0,,,,,,,,,,,,1137,282
68845.122197,1804.601462,223,87,210,0.0,,,,,,,,,,,,1137,282
68905.145134,1804.601462,223,87,210,0.0,,,,,,,,,,,,1137,282
68965.158408,1804.601462,223,87,210,0.0,,,,,,,,,,,,1137,282
69025.181991,1804.601462,223,87,210,0.0,,,,,,,,,,,,1137,282
69085.207141,1804.601462,223,87,210,0.0,,,,,,,,,,,,1137,282
69145.224922,1804.601462,223,87,210,0.0,,,,,,,,,,,,1137,282
69205.253255,1804.601462,223,87,210,0.0,,,,,,,,,,,,1137,282
69265.269768,1804.601462,223,87,210,0.0,,,,,,,,,,,,1137,282
69325.292653,1804.601462,223,87,210,0.0,,,,,,,,,,,,1137,282
69385.321525,1804.601462,223,87,210,0.0,,,,,,,,,,,,1137,282
69445.350679,1804.601462,223,87,210,0.0,,,,,,,,,,,,1137,282
69505.373445,1804.601462,223,87,210,0.0,,,,,,,,,,,,1137,282
69565.388826,1804.601462,223,87,210,0.0,,,,,,,,,,,,1137,282
69625.402523,1804.601462,223,87,210,0.0,,,,,,,,,,,,1137,282
69685.433014,1804.601462,223,87,210,0.0,,,,,,,,,,,,1137,282
69745.455352,1804.601462,223,87,210,0.0,,,,,,,,,,,,1137,282
69805.475358,1804.601462,223,87,210,0.0,,,,,,,,,,,,1137,282
69865.49692,1804.601462,223,87,210,0.0,,,,,,,,,,,,1137,282
69925.520878,1804.601462,223,87,210,0.0,,,,,,,,,,,,1137,282
69985.545981,1804.601462,223,87,210,0.0,,,,,,,,,,,,1137,282
70045.554916,1804.601462,223,87,210,0.0,,,,,,,,,,,,1137,282
70105.57715,1804.601462,223,87,210,0.0,,,,,,,,,,,,1137,282
70165.597862,1804.601462,223,87,210,0.0,,,,,,,,,,,,1137,282
70225.615716,1804.601462,223,87,210,0.0,,,,,,,,,,,,1137,282
70285.634238,1804.601462,223,87,210,0.0,,,,,,,,,,,,1137,282
70345.642713,1804.601462,223,87,210,0.0,,,,,,,,,,,,1137,282
70405.658066,1804.601462,223,87,210,0.0,,,,,,,,,,,,1137,282
70465.688477,1804.601462,223,87,210,0.0,,,,,,,,,,,,1137,282
70525.719207,1804.601462,223,87,210,0.0,,,,,,,,,,,,1137,282
70585.748158,1804.601462,223,87,210,0.0,,,,,,,,,,,,1137,282
70645.766104,1804.601462,223,87,210,0.0,,,,,,,,,,,,1137,282
70705.779882,1804.601462,223,87,210,0.0,,,,,,,,,,,,1137,282
70765.803204,1804.601462,223,87,210,0.0,,,,,,,,,,,,1137,282
70825.827068,1804.601462,223,87,210,0.0,,,,,,,,,,,,1137,282
70885.854659,1804.601462,223,87,210,0.0,,,,,,,,,,,,1137,282
70945.869097,1804.601462,223,87,210,0.0,,,,,,,,,,,,1137,282
71005.884403,1804.601462,223,87,210,0.0,,,,,,,,,,,,1137,282
71065.906553,1804.601462,223,87,210,0.0,,,,,,,,,,,,1137,282
71125.931813,1804.601462,223,87,210,0.0,,,,,,,,,,,,1137,282
71185.94481,1804.601462,223,87,210,0.0,,,,,,,,,,,,1137,282
71245.960029,1804.601462,223,87,210,0.0,,,,,,,,,,,,1137,282
71305.984446,1804.601462,223,87,210,0.0,,,,,,,,,,,,1137,282
71366.011081,1804.601462,223,87,210,0.0,,,,,,,,,,,,1137,282
71426.032767,1804.601462,223,87,210,0.0,,,,,,,,,,,,1137,282
71486.049771,1804.601462,223,87,210,0.0,,,,,,,,,,,,1137,282
71546.07661,1804.601462,223,87,210,0.0,,,,,,,,,,,,1137,282
71606.103057,1804.601462,223,87,210,0.0,,,,,,,,,,,,1137,282
71666.124495,1804.601462,223,87,210,0.0,,,,,,,,,,,,1137,282
71726.145862,1804.601462,223,87,210,0.0,,,,,,,,,,,,1137,282
71786.166297,1804.601462,223,87,210,0.0,,,,,,,,,,,,1137,282
71846.176006,1804.601462,223,87,210,0.0,,,,,,,,,,,,1137,282
71906.216774,1804.601462,223,87,210,0.0,,,,,,,,,,,,1137,282
71966.226431,1804.601462,223,87,210,0.0,,,,,,,,,,,,1137,282
72026.248775,1804.601462,223,87,210,0.0,,,,,,,,,,,,1137,282
72086.276304,1804.601462,223,87,210,0.0,,,,,,,,,,,,1137,282
72146.305354,1804.601462,223,87,210,0.0,,,,,,,,,,,,1137,282
72206.334876,1804.601462,223,87,210,0.0,,,,,,,,,,,,1137,282
72266.352318,1804.601462,223,87,210,0.0,,,,,,,,,,,,1137,282
72326.373751,1804.601462,223,87,210,0.0,,,,,,,,,,,,1137,282
72386.389514,1804.601462,223,87,210,0.0,,,,,,,,,,,,1137,282
72446.410336,1804.601462,223,87,210,0.0,,,,,,,,,,,,1137,282
72506.433666,1804.601462,223,87,210,0.0,,,,,,,,,,,,1137,282
72566.464284,1804.601462,223,87,210,0.0,,,,,,,,,,,,1137,282
72626.48752,1804.601462,223,87,210,0.0,,,,,,,,,,,,1137,282
72686.509712,1804.601462,223,87,210,0.0,,,,,,,,,,,,1137,282
72746.535911,1804.601462,223,87,210,0.0,,,,,,,,,,,,1137,282
72806.561566,1804.601462,223,87,210,0.0,,,,,,,,,,,,1137,282
72866.576208,1804.601462,223,87,210,0.0,,,,,,,,,,,,1137,282
72926.601436,1804.601462,223,87,210,0.0,,,,,,,,,,,,1137,282
72986.631442,1804.601462,223,87,210,0.0,,,,,,,,,,,,1137,282
73046.65435,1804.601462,223,87,210,0.0,,,,,,,,,,,,1137,282
73106.686444,1804.601462,223,87,210,0.0,,,,,,,,,,,,1137,282
73166.71157,1804.601462,223,87,210,0.0,,,,,,,,,,,,1137,282
73226.728695,1804.601462,223,87,210,0.0,,,,,,,,,,,,1137,282
73286.754471,1804.601462,223,87,210,0.0,,,,,,,,,,,,1137,282
73346.780049,1804.601462,223,87,210,0.0,,,,,,,,,,,,1137,282
73406.810956,1804.601462,223,87,210,0.0,,,,,,,,,,,,1137,282
73466.838527,1804.601462,223,87,210,0.0,,,,,,,,,,,,1137,282
73526.85928,1804.601462,223,87,210,0.0,,,,,,,,,,,,1137,282
73586.875487,1804.601462,223,87,210,0.0,,,,,,,,,,,,1137,282
73646.8964,1804.601462,223,87,210,0.0,,,,,,,,,,,,1137,282
73706.925441,1804.601462,223,87,210,0.0,,,,,,,,,,,,1137,282
73766.948846,1804.601462,223,87,210,0.0,,,,,,,,,,,,1137,282
73826.971071,1804.601462,223,87,210,0.0,,,,,,,,,,,,1137,282
73886.994408,1804.601462,223,87,210,0.0,,,,,,,,,,,,1137,282
73947.006141,1804.601462,223,87,210,0.0,,,,,,,,,,,,1137,282
74007.034099,1804.601462,223,87,210,0.0,,,,,,,,,,,,1137,282
74067.043756,1804.601462,223,87,210,0.0,,,,,,,,,,,,1137,282
74127.075771,1804.601462,223,87,210,0.0,,,,,,,,,,,,1137,282
74187.107876,1804.601462,223,87,210,0.0,,,,,,,,,,,,1137,282
74247.14521,1804.601462,223,87,210,0.0,,,,,,,,,,,,1137,282
74307.166926,1804.601462,223,87,210,0.0,,,,,,,,,,,,1137,282
74367.185158,1804.601462,223,87,210,0.0,,,,,,,,,,,,1137,282
74427.202015,1804.601462,223,87,210,0.0,,,,,,,,,,,,1137,282
74487.231403,1804.601462,223,87,210,0.0,,,,,,,,,,,,1137,282
74547.241034,1804.601462,223,87,210,0.0,,,,,,,,,,,,1137,282
74607.262025,1804.601462,223,87,210,0.0,,,,,,,,,,,,1137,282
74667.276695,1804.601462,223,87,210,0.0,,,,,,,,,,,,1137,282
74727.298196,1804.601462,223,87,210,0.0,,,,,,,,,,,,1137,282
74787.328765,1804.601462,223,87,210,0.0,,,,,,,,,,,,1137,282
74847.335647,1804.601462,223,87,210,0.0,,,,,,,,,,,,1137,282
74907.366632,1804.601462,223,87,210,0.0,,,,,,,,,,,,1137,282
74967.386394,1804.601462,223,87,210,0.0,,,,,,,,,,,,1137,282
75027.408825,1804.601462,223,87,210,0.0,,,,,,,,,,,,1137,282
75087.425676,1804.601462,223,87,210,0.0,,,,,,,,,,,,1137,282
75147.453211,1804.601462,223,87,210,0.0,,,,,,,,,,,,1137,282
75207.479755,1804.601462,223,87,210,0.0,,,,,,,,,,,,1137,282
75267.508899,1804.601462,223,87,210,0.0,,,,,,,,,,,,1137,282
75327.525871,1804.601462,223,87,210,0.0,,,,,,,,,,,,1137,282
75387.541528,1804.601462,223,87,210,0.0,,,,,,,,,,,,1137,282
75447.563162,1804.601462,223,87,210,0.0,,,,,,,,,,,,1137,282
75507.581691,1804.601462,223,87,210,0.0,,,,,,,,,,,,1137,282
75567.605144,1804.601462,223,87,210,0.0,,,,,,,,,,,,1137,282
75627.627898,1804.601462,223,87,210,0.0,,,,,,,,,,,,1137,282
75687.660791,1804.601462,223,87,210,0.0,,,,,,,,,,,,1137,282
75747.692736,1804.601462,223,87,210,0.0,,,,,,,,,,,,1137,282
75807.709671,1804.601462,223,87,210,0.0,,,,,,,,,,,,1137,282
75867.732213,1804.601462,223,87,210,0.0,,,,,,,,,,,,1137,282
75927.755044,1804.601462,223,87,210,0.0,,,,,,,,,,,,1137,282
75987.769419,1804.601462,223,87,210,0.0,,,,,,,,,,,,1137,282
76047.793421,1804.601462,223,87,210,0.0,,,,,,,,,,,,1137,282
76107.81142,1804.601462,223,87,210,0.0,,,,,,,,,,,,1137,282
76167.829158,1804.601462,223,87,210,0.0,,,,,,,,,,,,1137,282
76227.845696,1804.601462,223,87,210,0.0,,,,,,,,,,,,1137,282
76287.864468,1804.601462,223,87,210,0.0,,,,,,,,,,,,1137,282
76347.882962,1804.601462,223,87,210,0.0,,,,,,,,,,,,1137,282
76407.909442,1804.601462,223,87,210,0.0,,,,,,,,,,,,1137,282
76467.922526,1804.601462,223,87,210,0.0,,,,,,,,,,,,1137,282
76527.942873,1804.601462,223,87,210,0.0,,,,,,,,,,,,1137,282
76587.952975,1804.601462,223,87,210,0.0,,,,,,,,,,,,1137,282
76647.979077,1804.601462,223,87,210,0.0,,,,,,,,,,,,1137,282
76707.994743,1804.601462,223,87,210,0.0,,,,,,,,,,,,1137,282
76768.030087,1804.601462,223,87,210,0.0,,,,,,,,,,,,1137,282
76828.049885,1804.601462,223,87,210,0.0,,,,,,,,,,,,1137,282
76888.073218,1804.601462,223,87,210,0.0,,,,,,,,,,,,1137,282
76948.097975,1804.601462,223,87,210,0.0,,,,,,,,,,,,1137,282
77008.117024,1804.601462,223,87,210,0.0,,,,,,,,,,,,1137,282
77068.140337,1804.601462,223,87,210,0.0,,,,,,,,,,,,1137,282
77128.158672,1804.601462,223,87,210,0.0,,,,,,,,,,,,1137,282
77188.187527,1804.601462,223,87,210,0.0,,,,,,,,,,,,1137,282
77248.20013,1804.601462,223,87,210,0.0,,,,,,,,,,,,1137,282
77308.226827,1804.601462,223,87,210,0.0,,,,,,,,,,,,1137,282
77368.253999,1804.601462,223,87,210,0.0,,,,,,,,,,,,1137,282
77428.27556,1804.601462,223,87,210,0.0,,,,,,,,,,,,1137,282
77488.30085,1804.601462,223,87,210,0.0,,,,,,,,,,,,1137,282
77548.315086,1804.601462,223,87,210,0.0,,,,,,,,,,,,1137,282
77608.343776,1804.601462,223,87,210,0.0,,,,,,,,,,,,1137,282
77668.365854,1804.601462,223,87,210,0.0,,,,,,,,,,,,1137,282
77728.380577,1804.601462,223,87,210,0.0,,,,,,,,,,,,1137,282
77788.401722,1804.601462,223,87,210,0.0,,,,,,,,,,,,1137,282
77848.414222,1804.601462,223,87,210,0.0,,,,,,,,,,,,1137,282
77908.444305,1804.601462,223,87,210,0.0,,,,,,,,,,,,1137,282
77968.466736,1804.601462,223,87,210,0.0,,,,,,,,,,,,1137,282
78028.492373,1804.601462,223,87,210,0.0,,,,,,,,,,,,1137,282
78088.511992,1804.601462,223,87,210,0.0,,,,,,,,,,,,1137,282
78148.536324,1804.601462,223,87,210,0.0,,,,,,,,,,,,1137,282
78208.552925,1804.601462,223,87,210,0.0,,,,,,,,,,,,1137,282
78268.571497,1804.601462,223,87,210,0.0,,,,,,,,,,,,1137,282
78328.611105,1804.601462,223,87,210,0.0,,,,,,,,,,,,1137,282
78388.625043,1804.601462,223,87,210,0.0,,,,,,,,,,,,1137,282
78448.642911,1804.601462,223,87,210,0.0,,,,,,,,,,,,1137,282
78508.662507,1804.601462,223,87,210,0.0,,,,,,,,,,,,1137,282
78568.684826,1804.601462,223,87,210,0.0,,,,,,,,,,,,1137,282
78628.707916,1804.601462,223,87,210,0.0,,,,,,,,,,,,1137,282
78688.730127,1804.601462,223,87,210,0.0,,,,,,,,,,,,1137,282
78748.75033,1804.601462,223,87,210,0.0,,,,,,,,,,,,1137,282
78808.776037,1804.601462,223,87,210,0.0,,,,,,,,,,,,1137,282
78868.799469,1804.601462,223,87,210,0.0,,,,,,,,,,,,1137,282
78928.818085,1804.601462,223,87,210,0.0,,,,,,,,,,,,1137,282
78988.83553,1804.601462,223,87,210,0.0,,,,,,,,,,,,1137,282
79048.861426,1804.601462,223,87,210,0.0,,,,,,,,,,,,1137,282
79108.88595,1804.601462,223,87,210,0.0,,,,,,,,,,,,1137,282
79168.904987,1804.601462,223,87,210,0.0,,,,,,,,,,,,1137,282
79228.917422,1804.601462,223,87,210,0.0,,,,,,,,,,,,1137,282
79288.931524,1804.601462,223,87,210,0.0,,,,,,,,,,,,1137,282
79348.94825,1804.601462,223,87,210,0.0,,,,,,,,,,,,1137,282
79408.964042,1804.601462,223,87,210,0.0,,,,,,,,,,,,1137,282
79468.987679,1804.601462,223,87,210,0.0,,,,,,,,,,,,1137,282
79529.004381,1804.601462,223,87,210,0.0,,,,,,,,,,,,1137,282
79589.024591,1804.601462,223,87,210,0.0,,,,,,,,,,,,1137,282
79649.042407,1804.601462,223,87,210,0.0,,,,,,,,,,,,1137,282
79709.054677,1804.601462,223,87,210,0.0,,,,,,,,,,,,1137,282
79769.078964,1804.601462,223,87,210,0.0,,,,,,,,,,,,1137,282
79829.101054,1804.601462,223,87,210,0.0,,,,,,,,,,,,1137,282
79889.133455,1804.601462,223,87,210,0.0,,,,,,,,,,,,1137,282
79949.157782,1804.601462,223,87,210,0.0,,,,,,,,,,,,1137,282
80009.196828,1804.601462,223,87,210,0.0,,,,,,,,,,,,1137,282
80069.221445,1804.601462,223,87,210,0.0,,,,,,,,,,,,1137,282
80129.251194,1804.601462,223,87,210,0.0,,,,,,,,,,,,1137,282
80189.269212,1804.601462,223,87,210,0.0,,,,,,,,,,,,1137,282
80249.279848,1804.601462,223,87,210,0.0,,,,,,,,,,,,1137,282
80309.303308,1804.601462,223,87,210,0.0,,,,,,,,,,,,1137,282
80369.33243,1804.601462,223,87,210,0.0,,,,,,,,,,,,1137,282
80429.353328,1804.601462,223,87,210,0.0,,,,,,,,,,,,1137,282
80489.378416,1804.601462,223,87,210,0.0,,,,,,,,,,,,1137,282
80549.402481,1804.601462,223,87,210,0.0,,,,,,,,,,,,1137,282
80609.432196,1804.601462,223,87,210,0.0,,,,,,,,,,,,1137,282
80669.452564,1804.601462,223,87,210,0.0,,,,,,,,,,,,1137,282
80729.47468,1804.601462,223,87,210,0.0,,,,,,,,,,,,1137,282
80789.499698,1804.601462,223,87,210,0.0,,,,,,,,,,,,1137,282
80849.51949,1804.601462,223,87,210,0.0,,,,,,,,,,,,1137,282
80909.548959,1804.601462,223,87,210,0.0,,,,,,,,,,,,1137,282
80969.560391,1804.601462,223,87,210,0.0,,,,,,,,,,,,1137,282
81029.590491,1804.601462,223,87,210,0.0,,,,,,,,,,,,1137,282
81089.610174,1804.601462,223,87,210,0.0,,,,,,,,,,,,1137,282
81149.639185,1804.601462,223,87,210,0.0,,,,,,,,,,,,1137,282
81209.660229,1804.601462,223,87,210,0.0,,,,,,,,,,,,1137,282
81269.675948,1804.601462,223,87,210,0.0,,,,,,,,,,,,1137,282
81329.684701,1804.601462,223,87,210,0.0,,,,,,,,,,,,1137,282
81389.710263,1804.601462,223,87,210,0.0,,,,,,,,,,,,1137,282
81449.734862,1804.601462,223,87,210,0.0,,,,,,,,,,,,1137,282
81509.77018,1804.601462,223,87,210,0.0,,,,,,,,,,,,1137,282
81569.790758,1804.601462,223,87,210,0.0,,,,,,,,,,,,1137,282
81629.816082,1804.601462,223,87,210,0.0,,,,,,,,,,,,1137,282
81689.836585,1804.601462,223,87,210,0.0,,,,,,,,,,,,1137,282
81749.858007,1804.601462,223,87,210,0.0,,,,,,,,,,,,1137,282
81809.873055,1804.601462,223,87,210,0.0,,,,,,,,,,,,1137,282
81869.894785,1804.601462,223,87,210,0.0,,,,,,,,,,,,1137,282
81929.912785,1804.601462,223,87,210,0.0,,,,,,,,,,,,1137,282
81989.925491,1804.601462,223,87,210,0.0,,,,,,,,,,,,1137,282
82049.954862,1804.601462,223,87,210,0.0,,,,,,,,,,,,1137,282
82109.984566,1804.601462,223,87,210,0.0,,,,,,,,,,,,1137,282
82170.012373,1804.601462,223,87,210,0.0,,,,,,,,,,,,1137,282
82230.032545,1804.601462,223,87,210,0.0,,,,,,,,,,,,1137,282
82290.063286,1804.601462,223,87,210,0.0,,,,,,,,,,,,1137,282
82350.083954,1804.601462,223,87,210,0.0,,,,,,,,,,,,1137,282
82410.101682,1804.601462,223,87,210,0.0,,,,,,,,,,,,1137,282
82470.134021,1804.601462,223,87,210,0.0,,,,,,,,,,,,1137,282
82530.156092,1804.601462,223,87,210,0.0,,,,,,,,,,,,1137,282
82590.179739,1804.601462,223,87,210,0.0,,,,,,,,,,,,1137,282
82650.201585,1804.601462,223,87,210,0.0,,,,,,,,,,,,1137,282
82710.224854,1804.601462,223,87,210,0.0,,,,,,,,,,,,1137,282
82770.253853,1804.601462,223,87,210,0.0,,,,,,,,,,,,1137,282
82830.280435,1804.601462,223,87,210,0.0,,,,,,,,,,,,1137,282
82890.307704,1804.601462,223,87,210,0.0,,,,,,,,,,,,1137,282
82950.331357,1804.601462,223,87,210,0.0,,,,,,,,,,,,1137,282
83010.349868,1804.601462,223,87,210,0.0,,,,,,,,,,,,1137,282
83070.376918,1804.601462,223,87,210,0.0,,,,,,,,,,,,1137,282
83130.396164,1804.601462,223,87,210,0.0,,,,,,,,,,,,1137,282
83190.422315,1804.601462,223,87,210,0.0,,,,,,,,,,,,1137,282
83250.448114,1804.601462,223,87,210,0.0,,,,,,,,,,,,1137,282
83310.472151,1804.601462,223,87,210,0.0,,,,,,,,,,,,1137,282
83370.494528,1804.601462,223,87,210,0.0,,,,,,,,,,,,1137,282
83430.511321,1804.601462,223,87,210,0.0,,,,,,,,,,,,1137,282
83490.537531,1804.601462,223,87,210,0.0,,,,,,,,,,,,1137,282
83550.562366,1804.601462,223,87,210,0.0,,,,,,,,,,,,1137,282
83610.589325,1804.601462,223,87,210,0.0,,,,,,,,,,,,1137,282
83670.613482,1804.601462,223,87,210,0.0,,,,,,,,,,,,1137,282
83730.639532,1804.601462,223,87,210,0.0,,,,,,,,,,,,1137,282
83790.663728,1804.601462,223,87,210,0.0,,,,,,,,,,,,1137,282
83850.690425,1804.601462,223,87,210,0.0,,,,,,,,,,,,1137,282
83910.712436,1804.601462,223,87,210,0.0,,,,,,,,,,,,1137,282
83970.74221,1804.601462,223,87,210,0.0,,,,,,,,,,,,1137,282
84030.766957,1804.601462,223,87,210,0.0,,,,,,,,,,,,1137,282
84090.792438,1804.601462,223,87,210,0.0,,,,,,,,,,,,1137,282
84150.823054,1804.601462,223,87,210,0.0,,,,,,,,,,,,1137,282
84210.838297,1804.601462,223,87,210,0.0,,,,,,,,,,,,1137,282
84270.863547,1804.601462,223,87,210,0.0,,,,,,,,,,,,1137,282
84330.893075,1804.601462,223,87,210,0.0,,,,,,,,,,,,1137,282
84390.910107,1804.601462,223,87,210,0.0,,,,,,,,,,,,1137,282
84450.933982,1804.601462,223,87,210,0.0,,,,,,,,,,,,1137,282
84510.945182,1804.601462,223,87,210,0.0,,,,,,,,,,,,1137,282
84570.974921,1804.601462,223,87,210,0.0,,,,,,,,,,,,1137,282
84630.996823,1804.601462,223,87,210,0.0,,,,,,,,,,,,1137,282
84691.016796,1804.601462,223,87,210,0.0,,,,,,,,,,,,1137,282
84751.040595,1804.601462,223,87,210,0.0,,,,,,,,,,,,1137,282
84811.053107,1804.601462,223,87,210,0.0,,,,,,,,,,,,1137,282
84871.066482,1804.601462,223,87,210,0.0,,,,,,,,,,,,1137,282
84931.090838,1804.601462,223,87,210,0.0,,,,,,,,,,,,1137,282
84991.106553,1804.601462,223,87,210,0.0,,,,,,,,,,,,1137,282
85051.120233,1804.601462,223,87,210,0.0,,,,,,,,,,,,1137,282
85111.144212,1804.601462,223,87,210,0.0,,,,,,,,,,,,1137,282
85171.170565,1804.601462,223,87,210,0.0,,,,,,,,,,,,1137,282
85231.187265,1804.601462,223,87,210,0.0,,,,,,,,,,,,1137,282
85291.221034,1804.601462,223,87,210,0.0,,,,,,,,,,,,1137,282
85351.254161,1804.601462,223,87,210,0.0,,,,,,,,,,,,1137,282
85411.269772,1804.601462,223,87,210,0.0,,,,,,,,,,,,1137,282
85471.293678,1804.601462,223,87,210,0.0,,,,,,,,,,,,1137,282
85531.32368,1804.601462,223,87,210,0.0,,,,,,,,,,,,1137,282
85591.338959,1804.601462,223,87,210,0.0,,,,,,,,,,,,1137,282
85651.366495,1804.601462,223,87,210,0.0,,,,,,,,,,,,1137,282
85711.382313,1804.601462,223,87,210,0.0,,,,,,,,,,,,1137,282
85771.395021,1804.601462,223,87,210,0.0,,,,,,,,,,,,1137,282
85831.415804,1804.601462,223,87,210,0.0,,,,,,,,,,,,1137,282
85891.445017,1804.601462,223,87,210,0.0,,,,,,,,,,,,1137,282
85951.474888,1804.601462,223,87,210,0.0,,,,,,,,,,,,1137,282
86011.505027,1804.601462,223,87,210,0.0,,,,,,,,,,,,1137,282
86071.539187,1804.601462,223,87,210,0.0,,,,,,,,,,,,1137,282
86131.554486,1804.601462,223,87,210,0.0,,,,,,,,,,,,1137,282
86191.571187,1804.601462,223,87,210,0.0,,,,,,,,,,,,1137,282
86251.590789,1804.601462,223,87,210,0.0,,,,,,,,,,,,1137,282
86311.606248,1804.601462,223,87,210,0.0,,,,,,,,,,,,1137,282
86371.615688,1804.601462,223,87,210,0.0,,,,,,,,,,,,1137,282
